/*--------------------------------*- C++ -*----------------------------------*\
| =========                 |                                                 |
| \\      /  F ield         | OpenFOAM: The Open Source CFD Toolbox           |
|  \\    /   O peration     | Version:  1912                                  |
|   \\  /    A nd           | Website:  www.openfoam.com                      |
|    \\/     M anipulation  |                                                 |
\*---------------------------------------------------------------------------*/
FoamFile
{
    version     2.0;
    format      ascii;
    class       labelList;
    note        "nPoints:7815  nCells:4960  nFaces:17608  nInternalFaces:12152";
    location    "constant/fluid/polyMesh";
    object      neighbour;
}
// * * * * * * * * * * * * * * * * * * * * * * * * * * * * * * * * * * * * * //


12152
(
620
621
623
4008
53
628
629
630
2385
605
635
636
637
4158
641
642
645
1369
250
649
650
651
2408
655
656
658
2287
3490
191
662
664
665
893
26
670
671
672
4519
52
677
678
679
3759
264
684
685
686
4396
41
691
692
693
3582
595
698
699
700
1743
483
704
706
707
4225
711
712
714
879
2069
49
719
720
721
3535
558
726
727
728
1778
24
733
734
735
1799
80
739
741
742
1365
216
747
748
749
1498
550
754
755
756
4680
760
761
763
1929
3196
767
768
770
2965
3651
406
775
776
777
3808
528
782
783
784
3323
789
790
791
1827
417
795
796
798
1265
802
804
805
852
641
809
810
812
32
817
818
819
1841
139
823
825
826
1131
517
831
832
833
3010
838
839
840
1082
3381
844
846
847
2016
851
853
854
887
1222
124
858
860
861
1132
865
867
868
2930
3462
872
873
875
1516
3876
879
880
882
2076
2097
135
886
887
889
1229
894
895
896
3337
4743
901
902
903
3238
3595
907
908
910
3330
606
915
916
917
1379
271
921
923
924
3274
66
929
930
931
2583
935
936
938
2426
3218
461
943
944
945
2952
950
951
952
2541
4933
176
956
957
959
1110
964
965
966
4284
362
971
972
973
1139
353
977
978
980
1215
985
986
987
2352
991
993
994
3162
998
1000
1001
2616
4421
510
1005
1007
1008
1307
154
1013
1014
1015
4099
1019
1021
1022
1034
4274
1026
1027
1030
3098
380
978
1033
1035
1036
410
564
1041
1042
1043
128
1047
1049
1050
1155
97
1054
1055
1057
3126
604
1061
1062
1065
156
1068
1069
1072
886
1075
1077
1078
1328
1082
1083
1085
2156
225
1089
1091
1092
1104
1097
1098
1099
3721
4785
352
1103
1105
1106
1477
593
1110
1112
1113
1832
605
1118
1119
1120
2247
1019
1124
1125
1127
3063
205
1131
1133
1134
1601
138
1138
1140
1141
1327
802
1075
1145
1146
1148
1152
1153
1156
1474
171
1159
1160
1162
2741
1167
1168
1169
3798
4513
263
376
1173
1174
1176
1181
1182
1183
2478
295
1187
1189
1190
3658
851
1194
1196
1197
1223
1061
1201
1202
1205
98
1208
1210
1211
1412
1215
1217
1218
2112
2944
88
1222
1224
1225
1230
1229
1230
1232
1649
2041
1236
1238
1239
1650
140
1243
1244
1246
2839
116
253
1250
1251
1253
469
1257
1259
1260
1587
1187
1264
1265
1267
2433
1271
1272
1274
1356
1551
349
1216
1278
1280
1281
462
1286
1287
1288
1925
1292
1294
1295
2181
3120
1299
1300
1302
1790
1306
1308
1309
1341
175
1313
1314
1316
2420
1250
1320
1322
1323
1390
166
1327
1328
1330
1566
809
1334
1335
1338
113
1341
1342
1344
2083
218
1348
1350
1351
2398
239
458
1355
1357
1358
620
1362
1363
1366
1369
1370
1372
4001
1376
1377
1380
2475
309
1383
1384
1386
2034
254
1390
1391
1393
1433
498
1397
1398
1400
1664
136
1404
1405
1407
1419
1411
1412
1414
1447
150
1342
1418
1419
1421
509
1425
1427
1428
1530
1432
1434
1435
1439
1257
1439
1441
1442
2384
1320
1446
1448
1449
2146
1313
1453
1455
1456
1846
337
1460
1462
1463
2987
1117
1398
1467
1468
1470
1334
1474
1475
1477
845
1481
1483
1484
2258
823
1488
1489
1491
1495
1496
1498
1761
442
760
1502
1503
1505
1404
1509
1511
1512
1558
1517
1518
1519
1533
1209
1397
1523
1525
1526
1152
1530
1531
1533
333
1355
1537
1538
1540
244
1544
1546
1547
3021
137
1552
1553
1554
1953
1306
1418
1558
1559
1561
1565
1567
1568
3763
1572
1573
1575
1670
1029
1579
1581
1582
1586
1587
1589
1783
1593
1595
1596
2056
1600
1602
1603
2622
466
1607
1609
1610
3148
230
1614
1616
1617
2342
201
375
1621
1622
1624
146
1628
1630
1631
2126
179
1636
1637
1638
1736
1175
1642
1643
1645
1594
1649
1651
1652
2048
1623
1656
1658
1659
2265
1208
1663
1665
1666
2321
1670
1672
1673
2084
346
1615
1677
1679
1680
1684
1686
1687
1859
1943
538
1692
1693
1694
2681
1698
1700
1701
4345
970
1145
1705
1706
1708
1712
1713
1716
1719
1721
1722
2504
2755
201
1726
1727
1729
1727
1733
1734
1737
456
1740
1741
1743
1747
1748
1750
1922
1729
1754
1756
1757
2028
1201
1761
1762
1765
1768
1770
1771
1860
1915
1775
1776
1778
4288
1782
1783
1785
2608
1159
1789
1791
1792
4197
1775
1796
1797
1800
1803
1804
1806
3280
3875
1706
1810
1811
1813
3154
1817
1818
1820
1853
1796
1824
1825
1827
1264
1831
1833
1834
3686
1824
1838
1839
1842
1845
1846
1848
2650
1852
1854
1855
4771
1635
1859
1861
1862
1908
1866
1867
1869
3644
1874
1875
1876
1897
1866
1880
1881
1884
1887
1888
1890
2657
3617
1733
1894
1895
1897
1194
1236
1901
1903
1904
241
1754
1908
1909
1911
340
1685
1915
1917
1918
1922
1923
1926
2279
1292
1929
1931
1932
2559
196
900
1936
1937
1939
439
1909
1943
1945
1946
1026
1950
1951
1953
1957
1958
1960
4505
1964
1965
1967
1979
4610
468
1971
1972
1975
334
1978
1979
1981
4603
494
1607
1985
1986
1988
1992
1993
1995
2007
546
2000
2001
2002
2023
266
2006
2007
2009
2035
1838
2013
2014
2016
1894
2020
2021
2024
2027
2028
2029
1089
2034
2036
2037
3084
423
2041
2042
2044
2049
387
1593
2048
2049
2051
2055
2056
2058
3112
388
2062
2063
2065
2070
401
2069
2070
2072
2077
386
2076
2077
2079
2119
283
1446
2083
2085
2086
610
2091
2092
2093
3672
2097
2098
2100
2118
2216
261
1251
2104
2105
2107
1348
2111
2113
2114
4757
385
2118
2119
2121
2525
1174
2125
2126
2128
2790
1764
2133
2134
2135
251
1572
2139
2140
2142
1391
2146
2148
2149
394
2153
2154
2157
2160
2161
2164
3987
260
1656
2167
2169
2170
1012
1461
2174
2175
2177
355
2181
2182
2184
2567
2188
2189
2192
3813
1048
2195
2196
2198
2203
2204
2205
4186
4739
2013
2209
2210
2212
272
2216
2217
2219
2826
1622
2029
2223
2225
2226
2230
2231
2233
2455
245
921
2237
2239
2240
2244
2245
2247
4155
408
2251
2252
2255
267
2140
2258
2259
2261
238
2224
2265
2266
2268
608
1372
2273
2274
2275
2279
2280
2282
3169
396
2286
2287
2289
2293
2294
2296
2329
2209
2300
2301
2304
2223
2307
2308
2310
482
1495
2314
2315
2316
1411
2147
2321
2323
2324
2168
2328
2329
2331
2335
2336
2338
2518
2342
2344
2345
2454
3497
2349
2350
2352
3756
422
2322
2357
2358
2359
428
2363
2364
2367
2303
2370
2371
2373
1671
2377
2378
2380
1586
2384
2385
2387
3161
1258
2391
2392
2394
530
2398
2399
2401
2300
2405
2406
2408
424
2163
2413
2414
2415
277
2419
2421
2422
3105
1166
1454
2426
2428
2429
336
2433
2434
2436
2686
2440
2442
2443
2643
2391
2448
2449
2450
1642
2454
2456
2457
4085
2461
2462
2465
2469
2470
2471
4053
1362
2475
2476
2478
1383
2482
2483
2485
2377
2489
2491
2492
1950
2496
2497
2499
351
2503
2505
2506
2587
378
2510
2511
2513
4414
2517
2518
2520
3665
2524
2526
2527
3399
415
1944
2531
2533
2534
2405
2538
2539
2542
357
2545
2547
2548
2630
531
2552
2554
2555
4694
2182
2559
2561
2562
2566
2568
2569
2685
3119
609
1146
2573
2575
2576
2154
2580
2581
2583
310
2587
2589
2590
3017
2252
2594
2595
2597
1321
2601
2602
2604
425
1565
2608
2610
2611
543
1460
2615
2616
2618
2063
2622
2624
2625
3336
391
2629
2630
2632
2658
290
2636
2638
2639
3106
2266
2286
2643
2644
2646
2419
2650
2651
2653
345
2366
2657
2658
2660
2664
2665
2667
2692
1432
1440
2671
2672
2674
2678
2679
2681
2804
2546
2685
2687
2688
2692
2693
2696
2762
407
1768
2699
2700
2702
2706
2707
2710
3379
617
2315
2714
2715
2716
2664
2720
2721
2723
1069
2727
2728
2730
426
2734
2735
2737
3190
532
1852
2741
2742
2744
1880
2748
2749
2751
339
2503
2755
2756
2758
2364
2762
2763
2765
540
2769
2771
2772
3147
399
2776
2778
2779
4494
1090
2783
2784
2786
2464
2790
2791
2793
1887
2629
2797
2798
2800
2349
2804
2805
2808
367
2811
2812
2814
551
2735
2818
2819
2821
556
2517
2825
2827
2828
433
2832
2834
2835
2986
711
2062
2839
2841
2842
1509
2846
2848
2849
4190
2853
2854
2857
2902
2860
2861
2864
2881
2867
2868
2871
2888
2874
2875
2878
2895
2853
2881
2882
2884
2860
2888
2889
2891
2867
2895
2896
2898
2902
2903
2905
4092
2874
2909
2910
2912
341
2916
2917
2919
2909
2923
2924
2927
451
1817
2930
2932
2933
402
2651
2937
2938
2940
487
2111
2944
2945
2947
2294
2951
2952
2954
2958
2959
2961
3785
513
2833
2965
2966
2968
2566
2972
2973
2975
2832
2979
2980
2982
578
2986
2988
2989
3434
2993
2995
2996
3078
3000
3001
3003
3525
3007
3008
3010
2462
3014
3015
3017
467
2167
3021
3023
3024
413
3028
3029
3031
4036
2765
3035
3037
3038
3042
3043
3045
3735
395
3049
3051
3052
3056
3056
3058
3059
3707
4400
977
3063
3065
3066
2244
3070
3071
3073
2791
3077
3078
3080
1337
3084
3086
3087
3091
3092
3094
3966
3098
3099
3102
3553
2972
3105
3107
3108
589
1600
3112
3114
3115
3119
3121
3122
3357
373
1789
3126
3127
3129
1628
3133
3135
3136
3301
627
2784
3140
3142
3143
372
3147
3149
3150
3400
3154
3156
3157
3903
374
1782
3161
3163
3164
367
3168
3169
3172
3175
3176
3177
3182
3183
3184
3189
3190
3192
3197
3198
3199
3358
4218
2132
3127
3203
3204
3206
475
2259
3211
3212
3213
2560
3217
3219
3220
3714
2524
3224
3225
3227
3231
3233
3234
4198
2609
3238
3240
3241
3245
3246
3248
3252
3253
3255
1719
3259
3261
3262
3406
1678
3266
3268
3269
3273
3275
3276
3917
4015
3092
3280
3281
3283
1096
3287
3288
3290
3511
2006
3085
3294
3296
3297
2125
3077
3301
3302
3304
495
3133
3308
3309
3311
3224
3315
3317
3318
3315
3322
3323
3325
548
3329
3331
3332
3336
3338
3339
3427
2055
3113
3343
3345
3346
568
3057
3351
3352
3353
3035
3357
3358
3360
616
3364
3365
3368
431
1720
3371
3372
3374
3378
3379
3381
3386
3387
3388
3708
2307
3392
3393
3395
454
2825
3399
3401
3402
400
2756
3406
3407
3409
3414
3415
3416
4046
2993
3420
3422
3423
3322
3427
3428
3430
2636
3434
3435
3437
3441
3443
3444
3938
4554
435
3449
3450
3451
3918
580
859
3455
3456
3458
3463
3464
3465
3556
1916
3469
3470
3472
3476
3477
3479
3483
3484
3487
4926
1888
3491
3492
3493
549
3498
3499
3500
4435
1965
3504
3506
3507
4750
3267
3511
3513
3514
560
3519
3520
3521
3647
1684
3525
3527
3528
2580
3532
3533
3536
1188
3539
3541
3542
3547
3548
3549
4589
4827
3553
3554
3556
3805
500
3560
3561
3563
3687
2594
3567
3568
3571
1663
3574
3576
3577
3329
3581
3582
3584
3589
3590
3591
4228
3595
3597
3598
3764
492
3602
3604
3605
573
1033
3609
3610
3612
464
3616
3617
3619
444
3624
3625
3626
4555
1453
3630
3632
3633
4261
3259
3637
3638
3640
2496
3644
3645
3648
3651
3653
3654
4667
2545
2797
3658
3660
3661
3273
3665
3667
3668
552
3672
3673
3675
4309
477
3679
3680
3682
3924
446
2434
3686
3688
3689
2308
3693
3694
3696
3700
3701
3703
3819
2770
3707
3709
3710
3882
1930
3714
3715
3717
584
1071
3722
3723
3724
3441
3728
3730
3731
1614
3735
3737
3738
4134
2973
3743
3744
3745
648
3728
3749
3750
3752
3070
3756
3757
3760
2042
3581
3763
3765
3766
655
2644
3770
3772
3773
1160
3777
3778
3780
1936
1993
3784
3786
3787
3287
3512
3791
3792
3794
3798
3799
3801
4512
3805
3806
3809
4043
3812
3813
3815
3819
3820
3823
4050
1544
3826
3827
3829
2328
2440
3833
3834
3836
1705
2573
3840
3842
3843
1537
3847
3849
3850
1750
3855
3856
3857
613
3862
3863
3864
4030
3868
3869
3871
3091
3875
3877
3878
3967
2769
3882
3883
3885
1657
3889
3890
3892
3896
3897
3900
1138
3903
3904
3906
503
2877
3910
3912
3913
2819
3917
3919
3920
4477
1978
3924
3926
3927
4604
3560
3932
3933
3934
4121
1810
3840
3938
3939
3941
2489
3946
3947
3948
1243
2840
3952
3954
3955
1964
3959
3960
3962
583
2945
3966
3968
3969
1054
3203
3973
3975
3976
518
3981
3982
3983
4361
1376
3987
3988
3990
3994
3995
3997
4001
4002
4005
3994
4008
4009
4012
545
2818
4015
4016
4018
499
3603
4022
4023
4025
4029
4031
4032
4758
3042
3266
4036
4038
4039
4043
4044
4046
4491
4050
4051
4053
4393
3700
4057
4058
4060
2814
4064
4065
4067
522
3703
4072
4073
4074
3883
4078
4079
4081
1629
4085
4087
4088
3364
4092
4093
4096
532
4099
4101
4102
4772
3574
4106
4107
4109
4113
4115
4116
4478
1831
4120
4121
4123
504
2863
4127
4128
4130
533
4135
4136
4137
4463
2912
4141
4143
4144
2891
4148
4149
4151
4057
4155
4156
4159
2678
4162
4163
4165
2748
4169
4170
4172
2734
3191
4176
4178
4179
4183
4184
4187
1559
4190
4191
4193
2742
4197
4199
4200
4344
514
2667
4204
4205
4207
2979
4211
4212
4214
2695
4219
4220
4221
2160
4225
4226
4228
615
4232
4233
4236
2919
4239
4240
4242
3570
4246
4247
4249
3435
3742
4253
4254
4256
1845
2937
4260
4261
4263
2723
4204
4267
4268
4270
3822
4275
4276
4277
3532
4281
4282
4284
3177
4288
4289
4292
571
3638
4295
4296
4298
599
956
4303
4304
4305
557
1901
4309
4310
4312
3316
4316
4317
4319
4260
4324
4325
4326
4666
2671
4330
4331
4333
767
4337
4339
4340
4344
4345
4347
2282
4352
4353
4354
3567
4358
4359
4361
1125
4071
4365
4366
4368
559
4372
4373
4375
4375
4380
4381
4382
4715
2807
4387
4388
4389
4393
4394
4397
4736
3225
4400
4401
4403
547
2898
4407
4409
4410
1677
2230
4414
4416
4417
2980
4421
4422
4424
596
2905
4428
4429
4431
4176
4435
4437
4438
3899
4442
4444
4445
2870
4449
4451
4452
3343
4456
4457
4459
4177
4464
4465
4466
3456
4471
4472
4473
3602
4477
4478
4480
1902
4484
4485
4487
4491
4492
4495
4820
1545
3826
4498
4500
4501
3504
3959
4505
4507
4508
3666
4512
4514
4515
1195
4519
4520
4522
4291
4526
4528
4529
3183
4533
4534
4536
1869
4540
4542
4543
585
1883
4547
4548
4550
1811
3155
4554
4556
4557
614
2884
4561
4563
4564
3618
4568
4569
4571
3260
3637
4575
4576
4578
2293
3833
4582
4583
4585
781
1958
4589
4590
4592
3049
4596
4598
4599
2272
3784
4603
4605
4606
590
4456
4611
4612
4613
3371
4617
4618
4620
607
2709
4625
4626
4627
3281
4631
4632
4634
2926
4239
4638
4640
4641
1992
3294
4645
4646
4648
1124
3064
4652
4654
4655
594
2254
4659
4660
4662
2938
4666
4667
4669
611
3470
4673
4675
4676
3952
4680
4681
4683
1608
1985
4687
4689
4690
2966
4211
4694
4696
4697
4029
4701
4702
4704
2730
4708
4709
4711
2751
4716
4717
4718
3022
4498
4722
4724
4725
3479
4660
4729
4731
4732
4736
4737
4739
4955
2623
4743
4744
4746
3344
4750
4751
4753
2399
4330
4757
4759
4760
3134
3308
4764
4765
4767
4120
4771
4773
4774
2597
4778
4779
4781
3815
4786
4787
4788
4095
4793
4794
4795
3000
3469
4799
4800
4802
612
1974
4807
4808
4809
1111
4813
4815
4816
4820
4821
4823
4948
1957
2412
4827
4828
4830
3575
4834
4835
4837
4855
3939
4792
4841
4843
4844
4848
4849
4851
4947
4856
4857
4858
3990
4862
4863
4865
4235
4869
4871
4872
4004
4877
4878
4879
803
4883
4884
4886
4485
4891
4892
4893
2699
4897
4899
4900
3486
4905
4906
4907
4701
4912
4913
4914
2856
4918
4920
4921
4925
4926
4929
2538
4932
4933
4934
3997
4940
4941
4942
4946
4947
4948
4953
4954
4955
622
624
622
625
4010
626
1363
624
625
2552
4011
626
1366
2553
626
2556
4013
1368
2557
628
629
631
1384
632
991
1385
633
2386
3140
632
633
994
2389
632
633
1388
3143
995
1389
2390
3144
635
636
638
4365
4652
639
4159
4367
640
4653
4857
639
640
4160
4858
639
640
4369
4656
4161
4371
4657
4861
643
644
643
647
1371
646
810
645
646
812
4646
647
1373
4647
647
814
4650
1375
4651
649
650
652
949
653
2370
3750
654
950
2409
653
654
2373
2410
653
654
953
3752
2374
3754
954
2411
657
659
2288
657
660
2798
3491
661
2799
3772
659
660
2291
3494
661
2292
3773
661
2802
3495
2803
3776
663
666
781
1958
664
667
783
3428
668
894
3429
666
668
897
1960
667
785
1962
668
787
3432
898
3433
670
671
673
4127
4561
674
4129
4521
675
804
4562
674
675
805
4523
674
675
4131
4565
4133
4525
808
4566
677
678
680
1467
1523
681
985
1524
682
1469
3760
681
682
987
3761
681
682
1471
1527
989
1528
1473
3762
684
685
687
2202
3610
688
2203
4397
689
2470
3611
688
689
2471
4398
688
689
2206
3614
2207
4399
2474
3615
691
692
694
1937
3596
695
3583
3597
696
908
1938
695
696
910
3586
695
696
1941
3600
3587
3601
912
1942
698
699
701
3028
3854
702
1744
3855
703
3030
4787
702
703
1745
4788
702
703
3032
3858
1746
3859
3034
4791
709
710
4002
4227
706
707
708
3679
4876
709
4005
4877
710
3681
4229
709
710
3683
4880
4007
4881
3685
4231
713
715
2071
713
716
881
4575
717
2841
4577
715
716
883
2073
717
2075
2842
717
885
4579
2845
4581
719
720
722
928
3526
723
929
3536
724
964
3527
723
724
966
3537
723
724
932
3530
933
3538
968
3531
726
727
729
732
2846
730
2847
4526
731
734
1779
730
731
1780
4529
730
731
736
2850
2851
4530
738
1781
733
734
736
1510
737
789
1511
738
1800
737
738
791
1801
737
738
1514
793
1515
1802
740
743
1366
2553
741
744
2554
3385
745
1181
3386
743
745
1183
1367
744
1368
2557
745
2558
3389
1185
3390
747
748
750
998
1698
751
999
1499
752
1699
2133
751
752
1500
2135
751
752
1002
1702
1003
1501
1703
2137
754
755
757
4142
4295
758
4143
4471
759
4297
4682
758
759
4473
4684
758
759
4146
4299
4147
4475
4301
4686
762
764
1930
762
765
3198
4205
766
1503
4206
764
765
1933
3200
766
1505
1934
766
3202
4209
1507
4210
769
771
2967
769
772
3652
4078
773
4080
4339
771
772
2969
3655
773
2971
4340
773
3656
4082
4084
4343
775
776
778
1300
3413
779
3414
3809
780
1301
3464
779
780
3465
3810
779
780
1304
3417
3418
3811
1305
3468
782
783
785
786
4316
4590
787
3324
786
787
3327
4319
786
787
4592
4320
4594
3328
789
790
792
816
1405
793
1406
794
818
1828
793
794
1829
793
794
820
1409
1410
822
1830
797
799
3539
3834
797
800
1266
4813
801
3835
4814
799
800
1269
3542
801
3543
3838
801
1270
4817
3839
4818
803
806
853
804
807
1146
808
4883
806
808
856
807
857
1148
808
1150
4886
4887
811
813
811
814
815
1335
813
814
3295
815
1338
3296
815
3299
1340
3300
817
818
820
1573
821
844
1574
822
1842
821
822
847
1843
821
822
1577
848
1578
1844
824
827
1132
825
828
1237
1488
829
1238
1595
827
829
1135
1596
828
1136
1491
829
1241
1492
1242
1599
831
832
834
2588
3372
835
2589
3011
836
3373
4240
835
836
3012
4242
835
836
2592
3376
2593
3013
3377
4244
838
839
841
4624
4799
842
3382
4625
843
1084
4801
842
843
1086
3383
842
843
4628
4803
3384
4629
1088
4805
845
848
2139
846
849
2141
850
1481
2017
848
850
2018
849
2143
850
1484
2145
1485
2019
852
855
1223
853
856
1196
857
888
855
857
891
1226
856
1197
1227
857
1200
892
859
862
1133
1244
860
863
1245
864
1489
3455
862
864
1136
1491
863
1137
1248
864
1249
3458
1493
3459
866
869
1580
2931
867
870
1581
3101
871
3102
3463
869
871
2934
3466
870
1584
2935
871
1585
3103
3104
3467
874
876
1517
2196
874
877
3877
4702
878
2197
4703
876
877
1520
3880
878
1521
2200
878
3881
4706
2201
4707
881
883
2078
881
884
2099
3407
885
3408
883
884
2080
2101
885
2082
885
2103
3411
3412
888
890
1567
888
891
1231
892
1075
890
891
1233
1568
892
1078
1571
892
1235
1079
894
895
897
3505
898
3338
899
3506
4745
898
899
3341
4747
898
899
3509
3342
3510
4749
901
902
904
2482
905
1937
3596
906
2484
3239
905
906
3242
3599
905
906
1939
2486
1941
3600
2488
3243
909
911
3331
4457
909
912
2959
913
2960
4458
911
912
3334
913
3335
4461
913
2963
2964
4462
915
916
918
1180
4596
919
1182
1380
920
4597
4862
919
920
1381
4865
919
920
1184
4600
1186
1382
4601
4866
922
925
2518
923
926
2239
4764
927
3275
4766
925
927
2520
3278
926
2240
2522
927
2243
4768
3279
4770
929
930
932
3001
933
2584
934
1083
3002
933
934
1085
2585
933
934
3005
2586
1087
3006
937
939
2427
3448
937
940
3219
4114
941
3449
4115
939
940
2430
3222
941
2431
3452
941
3223
4118
3453
4119
943
944
946
957
1818
947
958
2953
948
1819
3849
947
948
2956
3850
947
948
961
1822
962
2957
1823
3853
950
951
953
3442
954
2542
955
3443
4935
954
955
2543
4936
954
955
3446
2544
3447
4938
958
960
1111
958
961
1854
962
4303
960
961
1114
1855
962
1115
4305
962
1858
4307
964
965
967
2532
4568
968
2533
969
4285
4570
968
969
4286
968
969
2536
4572
2537
4287
4574
971
972
974
1076
975
1706
3154
976
1077
1140
975
976
1143
3157
975
976
1080
1708
1710
3158
1081
1144
979
981
1216
979
982
3092
983
1035
3063
981
982
1219
3094
983
1220
3066
983
1036
3096
1039
3067
985
986
988
1005
4386
989
1006
990
2353
4387
989
990
2354
989
990
1009
4390
1010
2355
4391
992
995
2483
993
996
2484
3239
997
3163
3240
995
997
3166
996
2487
997
2488
3243
3167
3244
999
1002
2617
1000
1003
2316
1004
2317
4423
1002
1004
2620
4425
1003
2621
1004
2319
2320
4427
1006
1009
4191
1007
1010
1524
1011
1308
1525
1009
1011
1311
4193
1010
4195
1011
1528
1312
1529
1013
1014
1016
2615
1017
1698
2617
1018
2175
4100
1017
1018
1701
4103
1017
1018
2177
2619
1702
2621
2179
4104
1020
1023
1035
1021
1024
1125
4071
1025
4073
4276
1023
1025
1038
4278
1024
1039
1127
1025
1129
4075
4077
4280
1028
1029
1028
1032
3100
1031
1951
1030
1031
1953
1032
1581
3101
1032
1582
1955
1585
3103
1034
1037
3281
1035
1038
3609
1039
1037
1039
3283
1038
3285
3612
1039
3613
1041
1042
1044
2531
3693
1045
2532
4568
1046
3492
3695
1045
1046
3493
4571
1045
1046
2535
3697
2536
4572
3496
3699
1048
1051
1103
1156
1049
1052
1104
1053
1517
2196
1051
1053
1157
1519
1052
1107
1158
1053
1108
2198
1521
2200
1056
1058
3128
1056
1059
1300
3413
1060
3415
3975
1058
1059
1302
3130
1060
3132
3976
1060
1304
3417
3419
3979
1063
1064
1063
1067
4848
1066
1202
1065
1066
1205
3973
1067
3974
4851
1067
1207
3977
3978
4854
1070
1074
1712
1070
1071
1073
2728
1072
1073
2730
1074
1716
3723
1074
2732
3724
1718
3727
1076
1079
1077
1080
1145
1081
1329
1079
1081
1332
1080
1148
1081
1149
1333
1084
1086
2157
1084
1087
4800
1088
4801
1086
1087
2158
1088
2159
1088
4804
4805
1090
1093
1105
1091
1094
2034
1095
2195
2783
1093
1095
1108
2198
1094
1109
2037
1095
2038
2786
2199
2787
1097
1098
1100
3029
1101
3288
3722
1102
3030
4787
1101
1102
3725
4789
1101
1102
3033
3290
3292
3726
3034
4791
1104
1107
1478
1105
1108
1109
3084
1107
1109
1479
3087
1108
1480
1109
3088
1111
1114
4771
1112
1115
1116
1833
4813
1114
1116
1836
4774
1115
4775
1116
4816
1837
4817
1118
1119
1121
4106
1122
1468
2248
1123
4108
4856
1122
1123
2249
4858
1122
1123
1470
4110
1472
2250
4112
4860
1126
1128
3064
1126
1129
1130
4365
4652
1128
1129
3067
1130
3068
4655
1130
4368
4369
4656
1132
1135
2056
1133
1136
1137
1602
1135
1137
1605
2058
1136
2060
1137
1606
1139
1142
1587
1140
1143
3903
1144
1329
1142
1144
1331
1589
1143
1591
3906
1144
3907
1333
1147
1149
1147
1150
1151
1705
2573
1149
1150
1151
1708
1151
2576
1709
2577
1154
1155
1154
1158
1476
1157
1531
1156
1157
1533
1158
1478
1158
1535
1480
1161
1163
2743
1161
1164
1817
1165
1791
3777
1163
1164
1820
2745
1165
1792
2747
1165
1821
3780
1795
3781
1167
1168
1170
3630
1171
3631
3800
1172
2428
4514
1171
1172
3802
4517
1171
1172
2429
3634
3635
3804
2432
4518
1177
1179
2461
3252
1175
1177
2465
1176
1178
2126
1179
1643
3255
1178
2128
2467
1179
1645
2130
1647
3257
1181
1182
1184
3050
1185
3051
1186
2479
1185
1186
2480
1185
1186
3054
3055
2481
1188
1191
2687
1189
1192
1265
1193
3541
3659
1191
1193
2688
3662
1192
1267
2691
1193
1269
3542
3545
3663
1195
1198
1224
1196
1199
1901
1200
4519
1198
1200
1227
1199
1228
1904
1200
1905
4522
4523
1203
1204
1203
1207
1206
1762
1205
1206
1765
3204
1207
3205
1207
1767
3208
3209
1209
1212
1413
1210
1213
1665
1214
1308
1525
1212
1214
1309
1416
1213
1417
1666
1214
1526
1669
1312
1529
1216
1219
2946
1217
1220
1221
1278
2113
1219
1221
2116
2948
1220
2950
1221
1281
1282
2117
1223
1226
1231
1224
1227
1228
1236
1226
1228
1234
1239
1227
1235
1228
1240
1231
1233
2043
1231
1234
1650
1235
1233
1234
1653
2045
1235
2047
1235
1654
1237
1240
1238
1241
1903
1242
1651
1240
1242
1654
1241
1904
1242
1907
1655
1245
1247
2840
1245
1248
1602
1249
3952
1247
1248
1603
2843
1249
2844
3955
1249
1606
3956
1252
1254
1434
1252
1255
2391
1256
1322
2104
1254
1255
1435
2394
1256
1323
1438
1256
2107
2395
1326
2108
1258
1261
1588
1259
1262
1439
1263
2392
3904
1261
1263
1591
3906
1262
1442
1592
1263
1443
2394
2396
3908
1266
1268
2435
1266
1269
1270
1833
1268
1269
2437
1270
1834
2439
1270
1837
1273
1275
1357
3518
1273
1276
1553
2499
1277
2500
3519
1275
1276
1360
1555
1277
1361
3522
1277
1557
2501
2502
3523
1279
1282
2356
1280
1283
2358
4834
1284
3065
4836
1282
1284
3066
1283
2360
1284
2362
4838
3069
4840
1286
1287
1289
3043
4351
1290
1926
4352
1291
3044
3856
1290
1291
1927
3857
1290
1291
3047
4355
1928
4356
3048
3860
1293
1296
2183
1294
1297
1929
3196
1298
3121
3197
1296
1298
2185
3124
1297
1932
2187
1298
1933
3200
3125
3201
1301
1303
1791
3777
1301
1304
1305
3779
1303
1304
1794
1305
1795
3781
1305
3783
1307
1310
1343
1308
1311
1559
1312
1310
1312
1345
1311
1347
1561
1312
1563
1315
1317
1846
1315
1318
2421
3217
1319
1455
3218
1317
1318
1848
2424
1319
1456
1850
1319
2425
3221
1459
3222
1321
1324
1392
1322
1325
1446
1326
2601
1324
1326
1394
1325
1396
1449
1326
1450
2604
2605
1329
1331
1783
1329
1332
1567
1333
1331
1332
1570
1785
1333
1787
1333
1571
1336
1337
1336
1340
1339
1475
1338
1339
1477
1340
3086
1340
1479
3087
3090
1343
1345
1412
1343
1346
2084
1347
1418
1345
1346
1414
2087
1347
1416
1347
1421
2088
1422
1349
1352
2400
1350
1353
2113
2356
1354
2148
2357
1352
1354
2149
2402
1353
2114
2404
1354
2117
2360
2152
2361
1356
1359
2294
1357
1360
1538
1361
3827
1359
1361
2296
3829
1360
1540
2298
1361
1542
3831
1364
1365
1364
1368
1367
2476
1366
1367
2478
1368
1368
2480
1371
1373
1371
1374
4003
1375
1373
1374
4004
1375
2274
1375
2275
4006
2278
1378
1379
1378
1382
2477
1381
3988
1380
1381
3990
1382
2479
1382
3992
2481
1385
1387
2035
1385
1388
2784
1389
2483
1387
1388
2038
2786
1389
2039
2485
1389
2788
2487
1392
1394
1434
1392
1395
2398
1396
2146
1394
1395
1437
2401
1396
1438
1396
2149
2402
2150
1399
1401
1665
1399
1402
4106
1403
1467
1523
1401
1402
1668
4109
1403
1526
1669
1403
1470
4110
1471
1527
1406
1408
1420
1406
1409
1573
1410
1511
1408
1409
1423
1575
1410
1424
1512
1410
1577
1515
1413
1415
1448
1413
1416
1417
2321
1415
1416
1451
1417
1452
2324
1417
2325
1420
1422
1420
1423
1670
1424
1558
1422
1423
1673
1424
1561
1424
1674
1562
1430
1431
1532
4184
1427
1428
1429
1803
4631
1430
1534
1805
1431
4187
4633
1430
1431
1807
4635
1536
1809
4189
4637
1433
1436
1440
1434
1437
2671
1438
1436
1438
1443
1437
1444
2674
1438
2675
1440
1443
1441
1444
1445
2386
2672
1443
1445
2388
1444
1445
2674
2390
2676
1447
1450
1448
1451
2083
1452
2147
1450
1452
2150
1451
2086
1452
2087
2151
1454
1457
1847
1455
1458
3630
1459
2426
1457
1459
1850
1458
1851
3633
1459
2429
3634
2430
1461
1464
2980
1462
1465
2615
1466
2174
2988
1464
1466
2982
2991
1465
2618
2984
1466
2177
2619
2178
2992
1469
1471
1469
1472
3073
1473
3074
1471
1472
1473
1473
3075
3076
1476
1478
1476
1479
1480
1478
1479
1480
1480
1482
1485
2212
1483
1486
2213
2371
1487
2260
2372
1485
1487
2262
1486
2214
1487
2215
2375
2264
2376
1490
1492
4484
1490
1493
4890
1494
4486
4892
1492
1493
1494
4488
1494
4894
4490
4896
1497
1499
1497
1500
1763
1501
2314
1499
1500
1764
1501
2316
1501
1766
2319
1504
1506
3715
4022
1504
1507
4268
1508
4024
4269
1506
1507
3717
1508
3719
4026
1508
4272
4028
4273
1510
1513
1560
1511
1514
2846
1515
1513
1515
1562
1514
1564
2849
1515
2850
1517
1518
1520
1804
1521
1522
1534
1805
1521
1522
1535
1521
1522
1808
1536
1809
1524
1527
1525
1528
1529
1527
1529
1528
1529
1532
1534
1532
1535
1536
1534
1535
1536
1536
1539
1541
2952
1539
1542
1551
1543
1552
3847
1541
1542
2954
1543
2956
3850
1543
1555
1556
3851
1545
1548
2329
1546
1549
3826
1550
3022
4498
1548
1550
2331
3025
1549
2333
3829
1550
3830
4501
3026
4502
1552
1553
1555
1556
1579
1557
1954
1556
1557
1582
1955
1556
1557
1583
1956
1560
1562
1560
1563
1564
4190
1562
1563
1564
1564
4193
4194
1566
1569
3764
1567
1570
2608
1571
1569
1571
3767
1570
2611
3768
1571
2612
1574
1576
1671
1574
1577
1578
2139
1576
1577
1674
1578
1675
2142
1578
2143
1580
1583
3847
1581
1584
3848
1585
1583
1585
1584
3851
1585
3852
1588
1590
1784
1588
1591
1592
2384
1590
1591
1787
1592
1788
2387
1592
2388
1594
1597
2057
1595
1598
2048
1599
1651
1597
1599
2060
1598
2051
2061
1599
1652
2052
1655
1601
1604
2623
1602
1605
3112
1606
1604
1606
2626
1605
2627
3115
1606
3116
1608
1611
3883
1609
1612
1985
1613
3149
4687
1611
1613
3152
3885
1612
1988
3887
1613
1989
4690
3153
4691
1615
1618
2343
1616
1619
3735
1620
1677
2230
1618
1620
2233
2346
1619
2347
3738
1620
1680
3739
1681
2234
1625
1627
2027
3245
1623
1625
2029
1624
1626
2225
1627
1658
3248
1626
2032
2226
1627
1659
2229
1662
3250
1629
1632
2127
1630
1633
3133
1634
1642
4085
1632
1634
1645
2130
1633
2131
3136
1634
3137
4088
1646
4089
1636
1637
1639
1755
1640
1737
1756
1641
1861
1874
1640
1641
1738
1876
1640
1641
1759
1862
1739
1760
1865
1878
1644
1646
1644
1647
3980
1648
2456
3981
1646
1647
1648
2457
1648
3984
2460
3985
1650
1653
2050
1651
1654
1655
1653
1655
2052
1654
2054
1655
1657
1660
2267
1658
1661
2167
1662
3889
1660
1662
2269
1661
2170
2271
1662
2171
3892
3893
1664
1667
2322
1665
1668
3574
1669
1667
1669
2325
1668
2326
3577
1669
3578
1671
1674
1672
1675
1676
2085
2378
1674
1676
2088
1675
1676
2380
2089
2382
1678
1681
1679
1682
4414
1683
3042
3266
1681
1683
3045
1682
4417
1683
3269
4418
3046
3270
1685
1688
1944
1686
1689
3525
1690
1860
1915
1688
1690
1863
1947
1689
1948
3528
1690
1918
3529
1864
1919
1692
1693
1695
2847
4526
1696
2682
4527
1697
2848
4388
1696
1697
2683
4389
1696
1697
2851
4530
2684
4531
2852
4392
1699
1702
1700
1703
3232
1704
3233
4346
1702
1704
4349
1703
1704
3236
3237
4350
1707
1709
1707
1710
1711
1810
3840
1709
1710
1711
3843
1711
1813
1814
3844
1714
1718
1714
1715
2188
1717
2190
1716
1717
2191
3721
1718
3723
1718
2193
3725
3727
1720
1723
2757
1721
1724
3259
1725
2505
3372
1723
1725
2508
2759
1724
2761
3262
1725
3263
3374
2509
3376
1728
1731
2027
1728
1730
1732
1734
1730
1731
2028
1732
1737
1756
1732
1757
2031
1739
1760
1735
1736
1735
1739
1738
1895
1737
1738
1897
1739
1739
1899
1742
1745
3812
1742
1744
1747
1746
1749
1744
1745
3815
1746
1751
1746
3817
1753
1749
1751
1749
1752
1924
1753
1751
1752
1925
1753
3855
1753
1927
3857
3859
1755
1758
2030
1756
1759
1908
1760
1758
1760
2031
1759
1911
2033
1760
1912
1763
1764
1763
1767
1766
1765
1766
1767
2134
1767
2135
2138
1769
1772
1916
1770
1773
1873
2700
1774
1861
1874
1772
1774
1864
1919
1773
1920
2702
1774
1877
2704
1865
1878
1777
1779
1777
1780
4290
1781
1797
1779
1780
4291
1781
1800
1781
4293
1802
1784
1786
2609
1784
1787
1788
3161
1786
1787
2612
1788
2613
3164
1788
3165
1790
1793
4198
1791
1794
3126
1795
1793
1795
4201
1794
3129
4202
1795
3130
1798
1799
1798
1802
1801
1825
1800
1801
1827
1802
1802
1829
1805
1807
3282
1805
1808
3876
1809
1807
1808
3284
3879
1809
3286
1809
3880
1812
1814
1812
1815
3155
1816
3938
4554
1814
1815
3158
1816
3941
1816
3159
4557
3942
4558
1819
1821
1819
1822
1854
1823
2932
1821
1822
1857
1823
2933
1823
1858
2936
1826
1828
1826
1829
1830
1839
1828
1829
1830
1842
1830
1844
1832
1835
3687
1833
1836
4120
1837
1835
1837
3690
1836
3691
4123
1837
4124
1840
1841
1840
1844
1843
2014
1842
1843
2016
1844
1844
2018
1847
1849
2652
1847
1850
1851
4261
1849
1850
2654
1851
2656
4263
1851
4265
1853
1856
4772
1854
1857
2741
1858
1856
1858
4775
1857
2744
4776
1858
2745
1860
1863
1910
1861
1864
1865
1863
1865
1912
1864
1914
1865
1868
1870
1868
1871
3646
1872
1881
1870
1871
3647
1872
1884
4540
1872
3649
4543
1886
4544
1874
1875
1877
1999
1878
1879
1898
2000
1878
1879
1899
1878
1879
2003
1900
2004
1882
1883
1882
1886
1885
2749
1884
1885
2751
1886
4547
1886
2753
4550
4551
1889
1891
2659
1889
1892
3618
1893
2798
3491
1891
1892
2661
3620
1893
2663
2800
1893
3493
3621
2802
3495
1896
1898
1896
1899
1900
2021
1898
1899
1900
2024
1900
2026
1902
1905
1903
1906
4309
1907
4484
1905
1907
1906
4312
1907
4313
4487
4488
1910
1912
1910
1913
2308
1914
1943
1912
1913
2310
1914
1914
1946
2312
1947
1916
1919
1917
1920
1921
3000
3469
1919
1921
3003
1920
1921
3472
3004
3473
1924
1925
1924
1928
2281
1927
1926
1927
1928
2283
1928
2285
1930
1933
1931
1934
1935
2560
3714
1933
1935
2563
1934
1935
3717
2564
3718
1938
1940
1993
1938
1941
1942
3786
1940
1941
1995
1942
1997
3787
1942
3790
1944
1947
1945
1948
1949
2531
3693
1947
1949
3696
1948
1949
2534
2535
3697
1952
1954
1952
1955
1956
2497
1954
1955
1956
2499
1956
2501
1959
1961
4506
1959
1962
1963
4589
4827
1961
1962
4509
1963
4510
4830
1963
4592
4593
4831
1966
1968
1980
1966
1969
4611
1970
3504
3959
1968
1969
1983
4614
1970
1984
3962
1970
3507
4615
3508
3963
1973
1977
3896
1973
1974
3483
1976
3485
1975
1976
3486
1977
3900
4807
1977
3488
4809
3902
4811
1980
1982
4604
1980
1983
2958
1984
3924
1982
1983
2961
4607
1984
3927
4608
1984
2962
3928
1987
1989
1987
1990
4078
4323
1991
4324
4689
1989
1990
4081
1991
4690
1991
4082
4327
4328
4693
1994
1996
2008
1994
1997
1998
3784
4645
1996
1997
2011
1998
2012
4648
1998
3787
3788
4649
2000
2001
2003
2700
2004
2024
2005
2701
4442
2004
2005
2025
4445
2004
2005
2704
2026
2705
4446
2008
2010
2036
2008
2011
2482
2012
3294
2010
2011
2039
2485
2012
2040
3297
2012
2486
3298
2015
2017
2015
2018
2019
2210
2017
2018
2019
2212
2019
2214
2022
2023
3897
2022
2026
2025
3898
2024
2025
3899
2026
2026
3901
2031
2032
2030
2031
2030
2032
2033
2223
2033
2033
2226
2227
2035
2038
2036
2039
2040
3085
2038
2040
3088
2039
2040
3089
2043
2045
2050
2043
2046
3581
2047
3763
2045
2046
2053
3584
2047
2054
2047
3585
3766
3767
2050
2052
2050
2053
3329
2054
2052
2053
3332
2054
2054
3333
2057
2059
3113
2057
2060
2061
3343
2059
2060
3116
2061
3117
3346
2061
3347
2064
2066
2071
2064
2067
3336
2068
2622
2839
2066
2067
2074
3339
2068
2075
2842
2068
2625
3340
2626
2843
2071
2073
2078
2071
2074
3427
2075
2073
2074
2081
3430
2075
2082
2075
3431
2078
2080
2120
2078
2081
3322
2082
2080
2081
2123
3325
2082
2124
2082
3326
2084
2087
2085
2088
2089
2602
2087
2089
2604
2088
2089
2606
2091
2092
2094
4408
4470
2095
3674
4409
2096
4472
4891
2095
2096
3676
4893
2095
2096
4412
4474
3678
4413
4476
4895
2099
2101
2120
2099
2102
2218
3421
2103
3422
2101
2102
2122
2220
2103
2124
2103
2222
3425
3426
2106
2108
2601
2106
2109
2448
2490
2110
2491
2603
2108
2109
2450
2110
2605
2110
2452
2494
2495
2607
2112
2115
4758
2113
2116
2944
2117
2115
2117
4761
2116
2947
4762
2117
2948
2120
2122
2526
2120
2123
3315
2124
2122
2123
2529
3318
2124
2530
2124
3319
2127
2129
2792
2127
2130
2131
3301
2129
2130
2794
2131
2796
3304
2131
3305
2133
2134
2136
3231
2137
3232
2138
3204
2137
2138
2137
2138
3206
3235
3236
3208
2141
2143
2141
2144
2377
2145
2258
2143
2144
2380
2145
2145
2261
2381
2262
2147
2150
2148
2151
2152
2323
2150
2152
2151
2152
2324
2327
2155
2159
3378
2155
2156
2158
2581
2157
2158
2583
2159
3381
2159
2585
3383
2162
2163
2162
2166
3989
2165
4226
2164
2165
4228
2166
2413
3991
2166
2415
4230
2417
3993
2168
2171
2169
2172
3021
2173
2328
2440
2171
2173
2443
2172
3024
2173
2331
3025
2332
2444
2176
2178
4253
2176
2179
3931
2180
3932
4255
2178
2179
2180
4257
2180
3935
3936
4259
2183
2185
2568
2183
2186
3105
2187
2559
2185
2186
2571
3108
2187
2572
2187
2562
3109
2563
2190
2191
2190
2194
3814
2193
2192
2193
4785
2194
3816
4786
2194
4789
3818
4790
2197
2199
4911
2197
2200
2201
4912
2199
2200
2201
4915
2201
4916
2203
2204
2206
4632
2207
4740
2208
4187
4633
2207
2208
4188
4741
2207
2208
4636
4742
4189
4637
2211
2213
2211
2214
2215
2301
2213
2214
2215
2304
2215
2306
2218
2220
2526
2218
2221
2336
2827
2222
2337
2220
2221
2527
2830
2222
2530
2222
2340
2831
2341
2224
2227
2225
2228
2307
2229
2265
2227
2229
2228
2310
2229
2268
2311
2269
2232
2234
2232
2235
2456
4246
2236
4248
4416
2234
2235
2459
2236
4417
2236
2460
4250
4252
4420
2238
2241
2335
2994
2239
2242
2995
3302
2243
3303
2241
2243
2338
2242
2339
2998
2243
2999
3306
3307
2246
2248
2246
2249
4157
2250
3071
2248
2249
4158
2250
3073
2250
4160
3075
2253
2257
3476
2253
2254
2256
2595
2255
2256
2597
2257
3479
4660
2257
2599
4662
3481
4664
2260
2262
2260
2263
2489
2264
3211
2262
2263
2492
2264
2264
2493
3213
3215
2267
2269
2267
2270
2286
2271
2643
2269
2270
2289
2271
2271
2290
2646
2647
2273
2274
2276
4645
2277
4605
4878
2278
4647
2277
2278
4879
2277
2278
4606
4649
4609
4882
4651
2281
2283
2281
2284
3170
2285
2283
2284
3171
2285
4352
2285
3173
4354
4356
2288
2290
2288
2291
3392
2292
2644
2290
2291
3395
2292
2646
2292
3396
2648
2295
2297
2330
2295
2298
2299
2951
4582
2297
2298
2333
2299
2334
4585
2299
2954
2955
4586
2302
2303
2302
2306
2305
2406
2304
2305
2408
2306
2371
2306
2373
2410
2375
2309
2311
2309
2312
2313
3393
3694
2311
2312
2313
3395
2313
3696
3397
3698
2318
2319
3995
2317
2318
3997
2317
2319
2320
2715
2320
2716
3999
2320
2719
2322
2325
2323
2326
2327
2357
2325
2327
2326
2327
2359
2361
2330
2332
2330
2333
2334
3833
2332
2333
2334
3836
2334
3837
2337
2339
3420
2337
2340
2519
2341
3421
2339
2340
2522
2341
3424
2341
2523
3425
2343
2346
2455
2344
2347
4134
2348
3498
4135
2346
2348
2458
3501
2347
2459
2348
4138
3502
4139
2351
2353
2351
2354
3758
2355
2805
2353
2354
3759
2355
2808
2355
3761
2810
2357
2358
2360
2361
2362
3576
2361
2362
3577
2361
2362
3580
2365
2369
3616
2365
2366
2368
2763
2367
2368
2765
2369
2657
3617
2369
2660
2767
2661
3620
2372
2374
3210
2372
2375
2376
3211
2374
2375
2376
3214
2376
3215
2379
2381
2379
2382
2602
2383
2491
2603
2381
2382
2383
2492
2383
2606
2495
2607
2386
2388
2386
2389
3162
2390
2388
2389
3165
2390
2390
3166
2393
2395
2393
2396
3623
2397
2449
3624
2395
2396
2397
2450
2397
3627
2453
3628
2400
2402
2400
2403
4330
2404
4757
2402
2403
4333
2404
2404
4334
4760
4761
2407
2409
2407
2410
2411
2539
2409
2410
2411
2542
2411
2544
2413
2414
2416
4506
2417
4828
2418
3590
4507
2417
2418
3591
2417
2418
4510
4830
4832
3594
4511
2420
2423
3106
2421
2424
2650
2425
2561
2423
2425
2562
3109
2424
2653
3110
2425
2654
2565
2427
2430
2428
2431
3448
2432
3450
2430
2432
2431
2432
3452
3454
2435
2437
2687
2435
2438
2973
2439
3686
2437
2438
2690
2975
2439
2691
2439
2977
3689
3690
2441
2444
2442
2445
3539
3834
2446
2645
3540
2444
2446
2647
2445
3836
2446
3543
3838
2649
3544
2448
2449
2451
3729
3945
2452
3946
2453
3730
2452
2453
2452
2453
3733
3949
3950
3734
2455
2458
4086
2456
2459
2460
2458
2460
4089
2459
4090
2460
2463
2467
2463
2464
2466
3015
2465
2466
3017
2467
2790
2467
2793
3019
2794
2469
2470
2472
3609
4274
2473
4054
4275
2474
3611
2473
2474
4055
2473
2474
3613
4278
4056
4279
3615
2477
2479
2477
2480
2481
2479
2480
2481
2481
2484
2486
2484
2487
2488
2486
2487
2488
2488
2490
2493
2491
2494
3946
2495
2493
2495
2494
3948
2495
3950
2498
2500
2498
2501
2502
3645
2500
2501
2502
3648
2502
3650
2504
2507
3078
2505
2508
2755
2509
2588
2507
2509
2591
3080
2508
2758
3082
2509
2759
2592
2512
2514
4415
4659
2512
2515
3268
3791
2516
3793
4661
2514
2515
3269
4418
2516
4419
4663
2516
3272
3795
3797
4665
2519
2521
3666
2519
2522
2523
2827
2521
2522
3669
2523
2828
3670
2523
2831
2525
2528
3400
2526
2529
3224
2530
2528
2530
3403
2529
3227
3404
2530
3228
2532
2535
2533
2536
2537
3527
2535
2537
3528
2536
2537
3531
2540
2541
2540
2544
2543
4932
2542
2543
4933
2544
2544
4936
2546
2549
2631
2547
2550
3658
2551
2685
3119
2549
2551
2634
3122
2550
2635
3661
2551
2688
3662
2689
3123
2553
2556
4695
2554
2557
2558
4337
2556
2558
4340
4698
2557
4699
2558
4341
2560
2563
2561
2564
2565
3217
2563
2565
2564
2565
3220
3221
2567
2570
2686
2568
2571
2972
2572
3120
2570
2572
2689
3123
2571
2690
2975
2572
2976
3124
2574
2577
2575
2578
3842
4429
2579
4430
4884
2577
2579
4886
2578
3843
2579
3846
4433
4434
4888
2582
2584
2582
2585
2586
3533
2584
2585
2586
3536
2586
3538
2588
2591
2791
2589
2592
2593
3018
2591
2593
2793
3019
2592
2795
2593
3020
2596
2598
2596
2599
2600
3568
2598
2599
2600
3571
4779
2600
4781
3573
4783
2603
2605
2603
2606
2607
2605
2606
2607
2607
2609
2612
2610
2613
2614
3238
3595
2612
2614
3598
2613
2614
3241
3242
3599
2617
2619
2617
2620
4421
2621
2619
2620
4424
2621
2621
4425
2623
2626
2624
2627
2628
3337
4743
2626
2628
3340
2627
2628
4746
3341
4747
2631
2633
2659
2631
2634
3357
2635
2797
2633
2634
2662
3360
2635
2663
2800
2635
3361
2801
2637
2640
2651
2638
2641
3435
3742
2642
3107
3743
2640
2642
2653
3110
2641
2655
3437
2642
3439
3746
3111
3747
2645
2647
2645
2648
2649
3770
2647
2648
2649
2649
3773
3774
2652
2654
2652
2655
2656
2937
2654
2655
2656
2656
2940
2941
2659
2661
2659
2662
3035
2663
2661
2662
3038
2663
2663
3039
2666
2668
2666
2669
2694
2670
2721
2668
2669
2695
2670
2723
4204
2670
2697
4207
2725
4208
2673
2675
2673
2676
3140
2677
3141
4331
2675
2676
2677
4333
2677
3144
3145
4335
2680
2682
2680
2683
2806
2684
4163
2682
2683
2807
2684
4165
2684
2809
4167
2686
2689
2687
2690
2691
2689
2691
2690
2691
2694
2695
2694
2698
2764
2697
2696
2697
2698
2766
4219
2698
4221
2768
4223
2701
2703
3470
2701
2704
2705
4897
2703
2704
3472
2705
3474
4900
2705
4901
2708
2709
4233
2708
2712
3380
2711
4234
2710
2711
4235
2712
3382
4625
2712
4237
4627
3384
4629
2714
2715
2717
4212
4422
2718
4213
4940
2719
4423
2718
2719
4942
2718
2719
4216
4426
4217
4944
4427
2722
2724
2812
2722
2725
2726
2813
2724
2725
2726
2815
4267
2726
4270
2817
4271
2729
2731
3477
2729
2732
2733
3478
2731
2732
2733
3480
4709
2733
4711
3482
4713
2736
2738
3191
2736
2739
3602
2740
2818
4176
2738
2739
3193
3605
2740
3194
4179
2740
2821
3606
2822
4180
2743
2745
2743
2746
4344
2747
4197
2745
2746
4347
2747
2747
4200
4348
4201
2750
2752
2750
2753
2754
4170
2752
2753
2754
4172
4716
2754
4718
4174
4720
2757
2759
2757
2760
2993
2761
3406
2759
2760
2996
2761
2761
2997
3409
3410
2764
2766
2764
2767
2768
2766
2767
2768
3037
2768
3038
3041
2770
2773
3148
2771
2774
3882
2775
3707
4400
2773
2775
3151
4403
2774
3152
3885
2775
3710
3886
3711
4404
2777
2780
4495
4850
2778
2781
3974
4851
2782
3415
3975
2780
2782
3416
4496
2781
4497
4853
2782
3978
4854
3419
3979
2785
2787
4911
2785
2788
2789
3142
4913
2787
2788
2789
4915
2789
3143
3146
4917
2792
2794
2792
2795
2796
3077
2794
2795
2796
2796
3080
3081
2799
2801
2799
2802
2803
3660
2801
2802
2803
3661
2803
3664
2806
2807
2806
2810
2809
2808
2809
2810
4387
2810
4389
4391
2813
2816
3189
2813
2815
2817
2815
2816
3190
2817
4064
2817
3193
4067
4068
2820
2822
2820
2823
4477
2824
3917
4015
2822
2823
4480
2824
4018
2824
3920
4481
3921
4019
2826
2829
4512
2827
2830
3399
2831
2829
2831
4515
2830
3402
4516
2831
3403
2833
2836
2987
2834
2837
2979
2838
2965
3651
2836
2838
2990
3654
2837
2982
2991
2838
2968
2983
2969
3655
2840
2843
2841
2844
2845
3954
2843
2845
2844
2845
3955
3958
2847
2850
2848
2851
2852
4192
2850
2852
4194
2851
2852
4196
2855
2856
2855
2859
2904
2858
2882
2857
2858
2884
2859
2906
4918
2859
2886
4921
2908
4922
2862
2863
2862
2866
2883
2865
2889
2864
2865
2891
2866
2885
4127
2866
2893
4130
2887
4131
2869
2870
2869
2873
2890
2872
2896
2871
2872
2898
2873
2892
4449
2873
2900
4452
2894
4453
2876
2877
2876
2880
2897
2879
2910
2878
2879
2912
2880
2899
3910
2880
2914
3913
2901
3914
2883
2885
2883
2886
2887
2885
2886
2887
4561
2887
4564
4565
2890
2892
2890
2893
2894
2892
2893
2894
4148
2894
4151
4152
2897
2899
2897
2900
2901
2899
2900
2901
4407
2901
4410
4411
2904
2906
2904
2907
4094
2908
2906
2907
4095
2908
4428
2908
4097
4431
4432
2911
2913
2911
2914
2915
2924
2913
2914
2915
2927
4141
2915
4144
2929
4145
2918
2921
3007
2918
2920
2923
2922
2925
2920
2921
3010
2922
2926
4239
2922
3012
4242
2928
4243
2925
2926
2925
2929
2928
2927
2928
2929
4638
2929
4641
4642
2931
2934
3778
2932
2935
3848
2936
3849
2934
2936
3780
2935
3782
2936
3852
3853
2939
2941
2939
2942
3434
2943
4260
4666
2941
2942
3437
2943
4263
2943
3438
4669
4264
4670
2946
2948
2946
2949
4029
2950
3966
2948
2949
4032
2950
2950
3969
4033
3970
2953
2955
4302
2953
2956
2957
4303
2955
2956
2957
4306
2957
4307
2960
2962
4610
2960
2963
3786
2964
4612
2962
2963
3789
2964
4614
2964
3790
4616
2967
2969
2967
2970
4211
2971
4694
2969
2970
4214
2971
2971
4215
4697
4698
2974
2976
2974
2977
2978
3107
3743
2976
2977
2978
3108
2978
3745
3111
3747
2981
2983
2981
2984
2985
4212
4422
2983
2984
2985
4214
2985
4424
4216
4426
2987
2990
4667
2988
2991
2992
3436
2990
2992
3438
4669
2991
4671
2992
3440
2994
2997
2995
2998
3420
2999
3079
2997
2999
3082
2998
3423
2999
3424
3083
3002
3004
3002
3005
3526
3006
4800
3004
3005
3529
3006
4802
3006
3530
4804
3009
3012
3009
3011
3014
3013
3016
3011
3012
3013
3018
3013
3020
3016
3018
3016
3019
3020
3018
3019
3020
3020
3022
3025
3023
3026
3027
3890
4722
3025
3027
3892
3026
3027
4725
3894
4726
3030
3032
4037
3030
3033
3511
3034
3032
3033
3514
4040
3034
4041
3034
3515
3036
3039
3037
3040
3358
4218
3041
4219
3039
3041
3040
3360
3041
3362
4222
4223
3044
3046
3044
3047
3736
3048
4038
3046
3047
3739
3048
4039
3048
3740
4042
3050
3053
3057
3051
3054
4596
3055
3386
3053
3055
3060
3388
3054
3061
4599
3055
4600
3390
3057
3060
3708
3058
3061
3062
3351
4402
3060
3062
3711
4404
3061
3712
3062
3353
3355
4406
3064
3067
3065
3068
3069
4654
3067
3069
3068
3069
4655
4658
3072
3074
3072
3075
3076
3757
3074
3075
3076
3760
3076
3762
3079
3081
3079
3082
3083
3302
3081
3082
3083
3304
3083
3306
3085
3088
3086
3089
3090
3296
3088
3090
3089
3090
3297
3300
3093
3095
3967
3093
3096
3097
3280
3875
3095
3096
3970
3097
3878
3971
3097
3283
3284
3879
3100
3101
3100
3104
3555
3103
3102
3103
3104
3557
3104
3559
3106
3109
3107
3110
3111
3109
3111
3110
3111
3113
3116
3114
3117
3118
3345
4744
3116
3118
4746
3117
3118
3346
3349
4748
3120
3123
3121
3124
3125
3359
3123
3125
3361
3124
3125
3363
3128
3130
3128
3131
3231
3132
3203
3130
3131
3234
3132
3132
3206
3235
3207
3134
3137
3135
3138
3308
3139
3303
4764
3137
3139
3305
3138
3311
3139
3312
4767
3307
4768
3141
3144
3142
3145
3861
3146
3862
3144
3146
3145
3146
3865
3866
3148
3151
3225
3149
3152
3153
3401
3151
3153
3227
3404
3152
3229
3153
3405
3155
3158
3156
3159
3160
3905
4556
3158
3160
3907
3159
3160
4557
3909
4560
3162
3165
3163
3166
3167
3240
3165
3167
3241
3166
3167
3244
3170
3174
3189
3170
3171
3173
3172
3173
4463
3174
3192
4465
3174
4467
3195
4469
3178
3179
3178
3180
4162
3179
3180
3181
4164
3181
4289
3181
4166
4292
4168
4294
3185
3186
3185
3187
3186
3187
4169
3188
4533
3188
4171
3188
4173
4536
4175
4539
3193
3195
3191
3193
3192
3194
3195
4178
3194
3195
4179
4182
3197
3198
3200
3201
3359
3202
4220
3201
3202
3362
4222
3201
3202
3363
4224
3205
3207
3205
3208
3209
3973
3207
3208
3209
3976
3209
3977
3211
3212
3214
3750
3215
3216
3751
3947
3215
3216
3948
3215
3216
3754
3755
3951
3218
3221
3219
3222
3223
3716
3221
3223
3718
3222
3223
3720
3226
3228
3226
3229
3230
3317
4401
3228
3229
3230
3318
3230
4403
3321
4405
3232
3235
3233
3236
3237
4199
3235
3237
4202
3236
3237
4203
3239
3242
3240
3243
3244
3242
3244
3243
3244
3247
3250
3247
3249
4372
3251
4374
3249
3250
3889
3251
3891
4376
3251
3893
3895
4378
3254
3257
3254
3256
4358
3258
4360
3256
3257
3980
3258
3982
4362
3258
3984
3986
4364
3260
3263
3261
3264
3637
3265
3408
4575
3263
3265
3410
3264
3640
3265
3641
4578
3412
4579
3267
3270
3268
3271
4036
3272
3513
3270
3272
3271
4039
3272
3514
4040
3517
3274
3277
3918
3275
3278
3665
3279
4017
3277
3279
3921
4019
3278
3668
3922
3279
3669
4021
3282
3284
3282
3285
3286
4631
3284
3285
3286
3286
4634
4635
3289
3291
3512
3289
3292
4708
3293
3792
4710
3291
3292
3515
3293
3516
3794
3293
4712
3796
4714
3295
3298
3296
3299
4646
3300
3298
3300
3299
4648
3300
4650
3303
3305
3303
3306
3307
3305
3306
3307
3307
3310
3312
3310
3313
4087
4436
3314
4437
4765
3312
3313
4088
3314
4767
3314
4091
4440
4441
4769
3316
3319
3317
3320
3323
3321
4317
3319
3321
3320
3325
3321
3327
4319
4321
3324
3326
3324
3327
3328
3428
3326
3327
3328
3430
3328
3432
3330
3333
3331
3334
3582
3335
4457
3333
3335
4459
3334
3584
3335
3586
4461
3337
3340
3338
3341
3342
3429
3340
3342
3431
3341
3342
3433
3344
3347
3345
3348
4456
3349
4751
3347
3349
3348
4459
3349
4460
4753
4755
3351
3352
3354
4316
4590
3355
4318
3356
4591
4598
3355
3356
4599
3355
3356
4320
4594
4322
4595
4602
3359
3361
3359
3362
3363
3361
3362
3363
3363
3366
3367
3366
3370
4932
3369
4093
3368
3369
4096
4841
3370
4842
4934
3370
4098
4845
4846
4937
3373
3375
3638
3373
3376
3377
4618
3375
3376
3640
3377
3642
4620
3377
4622
3380
3383
3380
3382
3384
3382
3383
3384
3384
3386
3387
3389
4337
3390
3391
3709
4338
3390
3391
3712
3390
3391
4341
3713
4342
3394
3396
3490
3394
3397
3694
3398
3492
3695
3396
3397
3398
3494
3398
3698
3496
3699
3400
3403
3401
3404
3405
3799
3403
3405
3801
3404
3405
3803
3408
3410
3408
3411
3422
3412
3410
3411
3423
3412
3412
3426
3414
3415
3417
3418
4047
3419
3418
3419
4048
3418
3419
4049
3421
3424
3422
3425
3426
3424
3426
3425
3426
3429
3431
3429
3432
3433
3431
3432
3433
3433
3436
3438
3436
3439
3440
4253
3438
3439
3440
3440
4256
4257
3442
3445
4555
3443
3446
3728
3447
3940
3445
3447
3942
4558
3446
3731
4559
3447
3732
3944
3449
3450
3452
3453
3919
3454
3667
3453
3454
3668
3922
3453
3454
3923
3671
3457
3459
4890
3457
3460
4680
3461
4472
4891
3459
3460
4683
3461
4894
3461
4473
4684
4476
4895
3463
3464
3466
3778
3467
3557
3468
3779
3467
3468
3558
3467
3468
3782
3559
3783
3471
3473
3471
3474
3475
4673
4799
3473
3474
3475
4802
3475
4676
4677
4803
3478
3481
3478
3480
3482
3480
3481
3482
4729
3482
4732
4733
3485
3486
3485
3489
4927
3488
3487
3488
3489
4905
4928
3489
4907
4909
4930
3491
3492
3494
3495
3496
3495
3496
3495
3496
3498
3499
3501
4086
3502
4464
3503
4087
4436
3502
3503
4439
4466
3502
3503
4090
4468
4091
4440
3505
3508
3506
3509
4505
3510
4752
3508
3510
4754
3509
4508
3510
4509
4756
3512
3515
3513
3516
3517
3791
3515
3517
3516
3517
3794
3795
3519
3520
3522
3827
3523
3648
3524
3828
4542
3523
3524
3649
4543
3523
3524
3831
3650
3832
4546
3526
3529
3527
3530
3531
3529
3531
3530
3531
3534
3535
3534
3538
3537
4282
3536
3537
4284
3538
3538
4286
3540
3543
3541
3544
3770
3545
3771
3543
3545
3544
3545
3774
3775
3547
3548
3550
4597
4862
3551
4829
4864
3552
4591
4598
3551
3552
4593
4831
3551
3552
4601
4866
4833
4868
4595
4602
3555
3557
3555
3558
3807
3559
3557
3558
3808
3559
3559
3810
3562
3564
4121
3562
3565
3688
4254
3566
3932
4255
3564
3565
3691
4123
3566
3934
4125
3566
3692
4258
3936
4259
3569
3570
3569
3573
3572
4359
3571
3572
4361
3573
4247
3573
4249
4363
4251
3575
3578
3576
3579
4107
3580
4834
3578
3580
3579
4109
3580
4111
4837
4838
3583
3585
3583
3586
3587
3765
3585
3586
3587
3766
3587
3769
3589
3590
3592
3680
3960
3593
3681
4229
3594
3961
3593
3594
4230
3593
3594
3684
3964
3685
4231
3965
3596
3599
3597
3600
3601
3765
3599
3601
3768
3600
3601
3769
3603
3606
3604
3607
4478
3608
4023
4065
3606
3608
4067
3607
4480
3608
4025
4482
4027
4069
3611
3613
3611
3614
4632
3615
3613
3614
4634
3615
3615
4636
3620
3622
3868
3618
3620
3619
3621
3622
3871
4569
3621
3622
4571
3873
4573
3624
3625
3627
3904
3628
3730
3629
3905
4556
3628
3629
3731
4559
3628
3629
3908
3734
3909
4560
3631
3634
3632
3635
4688
3636
4262
4689
3634
3636
4265
3635
3636
4692
4266
4693
3639
3641
3639
3642
3643
4296
4576
3641
3642
3643
4578
3643
4298
4300
4580
3646
3647
3646
3650
3649
3648
3649
3650
3650
3652
3655
3653
3656
4323
3657
4325
4668
3655
3657
4671
3656
3657
4327
4329
4672
3659
3662
3660
3663
3771
3664
3772
3662
3664
3663
3664
3775
3776
3666
3669
3667
3670
3671
4514
3669
3671
3670
3671
4515
4518
3674
3676
4485
3674
3677
4311
4450
3678
4451
3676
3677
4313
4487
3678
4489
3678
4315
4454
4455
3681
3683
3925
3681
3684
3960
3685
3683
3684
3928
3962
3685
3929
3685
3964
3687
3690
3688
3691
3692
3744
3690
3692
3745
3691
3692
3748
3695
3697
3695
3698
3699
3697
3698
3699
3699
3702
3704
3702
3705
3821
3706
4058
3704
3705
3822
3706
4060
4072
3706
3824
4074
4062
4076
3708
3711
3709
3712
3713
3884
3711
3713
3886
3712
3713
3888
3716
3718
3716
3719
4113
3720
4114
3718
3719
3720
3720
4117
4118
3722
3723
3725
3726
4708
3727
3726
3727
4711
3726
3727
4712
3729
3732
3730
3733
3749
3734
3732
3734
3733
3752
3734
3753
3736
3739
3737
3740
4351
3741
4136
4353
3739
3741
4138
3740
3741
4355
4140
4357
3743
3744
3746
3747
3748
4254
3747
3748
3747
3748
4256
4258
3751
3753
3945
3751
3754
3755
3947
3753
3754
3755
3949
3755
3951
3758
3759
3758
3762
3761
3760
3761
3762
3762
3764
3767
3765
3768
3769
3767
3769
3768
3769
3771
3774
3772
3775
3776
3774
3776
3775
3776
3779
3781
3779
3782
3783
3781
3782
3783
3783
3785
3788
3786
3789
4603
3790
3788
3790
3789
4606
3790
4607
3793
3795
3793
3796
4730
3797
4731
3795
3796
3797
3797
4734
4735
3800
3802
4513
3800
3803
4687
3804
4688
3802
3803
4516
3804
4517
3804
4691
4692
3807
3808
3807
3811
4045
3810
3809
3810
3811
4047
3811
4049
3814
3817
3814
3816
3818
3816
3817
3818
4786
3818
4788
4790
3821
3822
3821
3825
4052
3824
3823
3824
3825
4054
4275
3825
4277
4056
4279
3828
3830
3828
3831
3832
4500
3830
3831
3832
4501
3832
4504
3835
3837
3835
3838
3839
4583
3837
3838
3839
4585
3839
4587
3841
3844
3842
3845
3939
4792
3846
4793
3844
3846
3845
3941
3846
3943
4796
4797
3848
3851
3849
3852
3853
3851
3853
3852
3853
3855
3856
3858
4037
3859
3860
4038
3859
3860
3859
3860
4041
4042
3862
3863
3865
4331
3866
4913
3867
4031
4332
3866
3867
4034
4914
3866
3867
4335
4917
4035
4336
3870
3873
3870
3872
4281
3874
4283
3872
3873
4569
3874
4285
4570
3874
4573
4287
4574
3876
3879
3877
3880
3881
3968
3879
3881
3971
3880
3881
3972
3884
3886
3884
3887
3888
4079
3886
3887
3888
3888
4081
4083
3891
3893
3891
3894
4379
3895
4380
3893
3894
3895
3895
4383
4384
3898
3902
3898
3899
3901
3900
3901
3902
4444
3902
4445
4448
3905
3907
3905
3908
3909
3907
3908
3909
3909
3911
3914
4407
3912
3915
4408
4470
3916
4143
4471
3914
3916
4144
3915
4411
3916
4412
4474
4147
4475
3918
3921
3919
3922
3923
4479
3921
3923
4481
3922
3923
4483
3925
3928
3926
3929
4876
3930
4605
4878
3928
3930
4608
3929
3930
4880
4609
4882
3932
3933
3935
4100
3936
3937
4101
4122
3936
3937
4125
3936
3937
4104
4105
4126
3940
3942
3940
3943
3944
4843
3942
3943
3944
3944
4844
4847
3946
3947
3949
3950
3951
3950
3951
3950
3951
3953
3956
3954
3957
4576
4681
3958
4577
3956
3958
3957
4683
3958
4580
4685
4581
3961
3963
3961
3964
3965
4507
3963
3964
3965
4508
3965
4511
3967
3970
3968
3971
3972
4702
3970
3972
4704
3971
3972
4706
3974
3977
3975
3978
3979
3977
3979
3978
3979
3981
3982
3984
3985
4246
3986
4362
3985
3986
4249
4363
3985
3986
4250
4364
3989
3991
3989
3992
3993
3991
3992
3993
4863
3993
4865
4867
3996
3998
3996
3999
4000
4009
3998
3999
4000
4012
4941
4000
4942
4014
4945
4003
4004
4003
4007
4006
4005
4006
4007
4877
4007
4879
4881
4010
4011
4010
4014
4013
4012
4013
4939
4014
4941
4014
4943
4945
4017
4019
4017
4020
4437
4765
4021
4766
4019
4020
4438
4021
4021
4441
4769
4770
4024
4026
4113
4024
4027
4065
4028
4066
4026
4027
4116
4028
4117
4028
4069
4070
4030
4033
4031
4034
4701
4035
4759
4033
4035
4762
4034
4704
4035
4705
4763
4037
4040
4038
4041
4042
4040
4042
4041
4042
4045
4047
4045
4048
4493
4049
4047
4048
4494
4049
4049
4496
4052
4054
4052
4055
4395
4056
4054
4055
4396
4056
4056
4398
4059
4061
4059
4062
4063
4156
4061
4062
4366
4063
4159
4367
4063
4370
4161
4371
4066
4068
4267
4066
4069
4070
4269
4068
4069
4070
4271
4070
4273
4072
4073
4075
4076
4366
4077
4276
4076
4077
4277
4076
4077
4368
4370
4280
4080
4082
4080
4083
4338
4084
4339
4082
4083
4084
4084
4342
4343
4086
4089
4087
4090
4091
4089
4091
4090
4091
4094
4095
4094
4098
4097
4096
4097
4098
4794
4098
4795
4798
4100
4103
4345
4101
4104
4105
4773
4103
4105
4347
4776
4104
4349
4105
4777
4108
4110
4108
4111
4855
4112
4856
4110
4111
4112
4112
4859
4860
4114
4117
4115
4118
4119
4479
4117
4119
4482
4118
4119
4483
4122
4124
4122
4125
4126
4773
4124
4125
4126
4774
4126
4777
4129
4131
4129
4132
4149
4520
4133
4521
4131
4132
4151
4133
4133
4153
4524
4525
4135
4136
4138
4139
4464
4140
4353
4139
4140
4354
4467
4139
4140
4468
4357
4142
4145
4638
4143
4146
4639
4147
4145
4147
4146
4642
4147
4643
4150
4152
4449
4150
4153
4310
4154
4311
4450
4152
4153
4154
4453
4154
4314
4315
4454
4157
4158
4157
4161
4160
4159
4160
4161
4161
4164
4166
4164
4167
4168
4166
4167
4527
4168
4528
4168
4531
4532
4171
4173
4171
4174
4175
4173
4174
4535
4175
4536
4175
4538
4539
4177
4180
4178
4181
4435
4182
4465
4180
4182
4181
4438
4182
4439
4466
4469
4185
4186
4954
4185
4189
4188
4956
4187
4188
4958
4189
4189
4959
4192
4194
4192
4195
4386
4196
4388
4194
4195
4196
4196
4390
4392
4198
4201
4199
4202
4203
4346
4201
4203
4348
4202
4203
4350
4206
4208
4206
4209
4220
4210
4268
4208
4209
4221
4210
4270
4210
4224
4272
4213
4215
4213
4216
4217
4696
4215
4216
4217
4697
4217
4700
4219
4220
4222
4223
4224
4223
4224
4223
4224
4227
4229
4227
4230
4231
4229
4230
4231
4231
4234
4238
4925
4234
4235
4237
4236
4237
4238
4871
4929
4238
4872
4875
4931
4241
4243
4241
4244
4618
4245
4619
4640
4243
4244
4245
4641
4245
4622
4623
4644
4248
4250
4248
4251
4779
4252
4780
4250
4251
4252
4252
4783
4784
4255
4257
4255
4258
4259
4257
4258
4259
4259
4262
4264
4262
4265
4266
4324
4264
4265
4266
4326
4266
4328
4269
4271
4269
4272
4273
4271
4272
4273
4273
4275
4276
4278
4279
4280
4279
4280
4279
4280
4283
4285
4283
4286
4287
4285
4286
4287
4287
4290
4291
4290
4294
4293
4292
4293
4294
4528
4294
4529
4532
4297
4299
4617
4297
4300
4681
4301
4682
4299
4300
4620
4301
4621
4301
4685
4686
4303
4304
4306
4582
4307
4308
4584
4815
4307
4308
4816
4307
4308
4586
4588
4819
4311
4313
4311
4314
4520
4315
4313
4314
4522
4315
4315
4524
4318
4320
4318
4321
4401
4322
4402
4320
4321
4322
4322
4405
4406
4324
4325
4327
4328
4329
4668
4328
4329
4670
4328
4329
4672
4332
4334
4332
4335
4336
4759
4334
4335
4336
4760
4336
4763
4338
4341
4339
4342
4343
4341
4343
4342
4343
4346
4348
4346
4349
4350
4348
4349
4350
4350
4352
4353
4355
4356
4357
4356
4357
4356
4357
4360
4362
4360
4363
4364
4362
4363
4364
4364
4367
4369
4367
4370
4371
4369
4370
4371
4371
4374
4376
4374
4377
4533
4378
4376
4377
4534
4378
4380
4378
4382
4537
4384
4380
4381
4383
4722
4384
4385
4717
4723
4384
4385
4719
4384
4385
4726
4721
4727
4387
4388
4390
4391
4392
4391
4392
4391
4392
4395
4396
4395
4399
4738
4398
4397
4398
4399
4740
4399
4742
4402
4404
4402
4405
4406
4404
4405
4406
4406
4408
4411
4409
4412
4413
4451
4411
4413
4452
4412
4413
4455
4415
4418
4416
4419
4778
4420
4780
4418
4420
4419
4420
4782
4784
4423
4425
4423
4426
4427
4425
4426
4427
4427
4430
4432
4918
4430
4433
4793
4434
4919
4432
4433
4795
4434
4922
4434
4797
4923
4436
4439
4437
4440
4441
4439
4441
4440
4441
4443
4446
4897
4444
4447
4806
4898
4448
4807
4446
4448
4447
4901
4448
4810
4902
4811
4450
4453
4451
4454
4455
4453
4455
4454
4455
4458
4460
4458
4461
4462
4612
4460
4461
4462
4613
4462
4616
4464
4465
4467
4468
4469
4468
4469
4468
4469
4471
4472
4474
4475
4476
4475
4476
4475
4476
4479
4481
4479
4482
4483
4481
4482
4483
4483
4486
4488
4486
4489
4490
4892
4488
4489
4490
4490
4893
4896
4493
4494
4493
4497
4822
4496
4495
4496
4497
4824
4497
4826
4499
4502
4500
4503
4541
4724
4504
4542
4502
4504
4503
4725
4504
4545
4728
4546
4506
4509
4507
4510
4511
4509
4511
4510
4511
4513
4516
4514
4517
4518
4516
4518
4517
4518
4521
4523
4521
4524
4525
4523
4524
4525
4525
4527
4530
4528
4531
4532
4530
4532
4531
4532
4537
4539
4535
4537
4715
4536
4538
4716
4539
4538
4719
4539
4720
4541
4544
4547
4542
4545
4549
4546
4544
4546
4545
4551
4546
4553
4549
4551
4549
4552
4717
4723
4553
4724
4551
4552
4718
4553
4553
4721
4727
4728
4555
4558
4556
4559
4560
4558
4560
4559
4560
4562
4565
4563
4566
4883
4567
4885
4920
4565
4567
4921
4566
4567
4887
4889
4924
4570
4572
4570
4573
4574
4572
4573
4574
4574
4577
4579
4577
4580
4581
4579
4580
4581
4581
4584
4586
4584
4587
4814
4588
4815
4586
4587
4588
4588
4818
4819
4591
4593
4591
4594
4595
4593
4594
4595
4595
4597
4600
4598
4601
4602
4600
4602
4601
4602
4604
4607
4605
4608
4609
4607
4609
4608
4609
4611
4612
4614
4615
4750
4616
4615
4616
4753
4615
4616
4754
4619
4621
4639
4619
4622
4623
4640
4621
4622
4623
4643
4623
4644
4625
4626
4628
4673
4629
4630
4674
4869
4629
4630
4872
4629
4630
4677
4678
4873
4633
4635
4633
4636
4637
4635
4636
4637
4637
4639
4642
4640
4643
4644
4642
4644
4643
4644
4647
4649
4647
4650
4651
4649
4650
4651
4651
4653
4656
4654
4657
4835
4658
4836
4656
4658
4657
4658
4839
4840
4661
4663
4778
4661
4664
4665
4731
4663
4664
4781
4665
4782
4665
4732
4735
4668
4670
4668
4671
4672
4670
4671
4672
4672
4674
4677
4675
4678
4904
4679
4899
4906
4677
4679
4900
4678
4679
4908
4903
4910
4682
4684
4682
4685
4686
4684
4685
4686
4686
4688
4691
4689
4692
4693
4691
4693
4692
4693
4695
4698
4696
4699
4939
4700
4940
4698
4700
4699
4700
4943
4944
4703
4705
4703
4706
4707
4912
4705
4706
4707
4914
4707
4916
4710
4712
4710
4713
4729
4714
4730
4712
4713
4714
4714
4733
4734
4716
4717
4719
4720
4721
4720
4721
4720
4721
4723
4726
4724
4727
4728
4726
4728
4727
4728
4730
4733
4731
4734
4735
4733
4735
4734
4735
4738
4740
4738
4741
4957
4742
4740
4741
4958
4742
4742
4959
4745
4747
4745
4748
4751
4749
4752
4747
4748
4749
4749
4755
4756
4752
4754
4752
4755
4756
4754
4755
4756
4756
4758
4761
4759
4762
4763
4761
4763
4762
4763
4766
4768
4766
4769
4770
4768
4769
4770
4770
4772
4775
4773
4776
4777
4775
4777
4776
4777
4780
4782
4780
4783
4784
4782
4783
4784
4784
4786
4787
4789
4790
4791
4790
4791
4790
4791
4793
4794
4796
4797
4798
4841
4797
4798
4797
4798
4844
4845
4801
4803
4801
4804
4805
4803
4804
4805
4805
4807
4808
4810
4898
4811
4812
4899
4906
4811
4812
4907
4811
4812
4902
4903
4910
4814
4817
4815
4818
4819
4817
4819
4818
4819
4822
4824
4822
4825
4950
4826
4824
4825
4849
4951
4826
4850
4826
4852
4952
4853
4829
4831
4829
4832
4863
4833
4864
4831
4832
4833
4833
4867
4868
4836
4838
4836
4839
4857
4840
4838
4839
4859
4840
4840
4861
4842
4845
4843
4846
4934
4847
4935
4845
4847
4846
4847
4937
4938
4852
4854
4949
4850
4852
4951
4851
4853
4854
4853
4952
4854
4856
4857
4859
4860
4861
4860
4861
4860
4861
4864
4866
4864
4867
4868
4866
4867
4868
4868
4870
4873
4904
4871
4874
4905
4928
4875
4929
4873
4875
4874
4908
4875
4909
4930
4931
4877
4878
4880
4881
4882
4881
4882
4881
4882
4885
4887
4885
4888
4919
4889
4920
4887
4888
4889
4889
4923
4924
4891
4892
4894
4895
4896
4895
4896
4895
4896
4898
4901
4899
4902
4903
4901
4903
4902
4903
4905
4906
4908
4909
4910
4909
4910
4909
4910
4912
4913
4915
4916
4917
4916
4917
4916
4917
4919
4922
4920
4923
4924
4922
4924
4923
4924
4927
4931
4927
4928
4930
4929
4930
4931
4931
4936
4937
4935
4936
4935
4937
4938
4938
4938
4940
4941
4943
4944
4945
4944
4945
4944
4945
4949
4950
4949
4951
4950
4951
4952
4952
4952
4956
4957
4956
4958
4957
4958
4959
4959
4959
)


// ************************************************************************* //
