/*--------------------------------*- C++ -*----------------------------------*\
| =========                 |                                                 |
| \\      /  F ield         | OpenFOAM: The Open Source CFD Toolbox           |
|  \\    /   O peration     | Version:  1912                                  |
|   \\  /    A nd           | Website:  www.openfoam.com                      |
|    \\/     M anipulation  |                                                 |
\*---------------------------------------------------------------------------*/
FoamFile
{
    version     2.0;
    format      ascii;
    class       labelList;
    note        "nPoints:7815  nCells:4960  nFaces:17608  nInternalFaces:12152";
    location    "constant/fluid/polyMesh";
    object      owner;
}
// * * * * * * * * * * * * * * * * * * * * * * * * * * * * * * * * * * * * * //


17608
(
0
0
0
0
1
1
1
1
1
2
2
2
2
2
3
3
3
3
4
4
4
4
4
5
5
5
5
5
6
6
6
6
6
7
7
7
7
7
8
8
8
8
8
9
9
9
9
9
10
10
10
10
10
11
11
11
11
11
12
12
12
12
12
13
13
13
13
13
14
14
14
14
14
15
15
15
15
15
16
16
16
16
16
17
17
17
17
17
18
18
18
18
18
19
19
19
19
19
20
20
20
20
20
21
21
21
21
21
22
22
22
22
22
23
23
23
23
23
24
24
24
24
25
25
25
25
25
26
26
26
26
27
27
27
27
28
28
28
28
28
29
29
29
29
29
30
30
30
30
30
31
31
31
31
31
32
32
32
32
33
33
33
33
33
34
34
34
34
34
35
35
35
35
35
36
36
36
36
36
37
37
37
37
37
38
38
38
38
38
39
39
39
39
39
40
40
40
40
40
41
41
41
41
42
42
42
42
42
43
43
43
43
43
44
44
44
44
44
45
45
45
45
45
46
46
46
46
46
47
47
47
47
47
48
48
48
48
48
49
49
49
49
50
50
50
50
50
51
51
51
51
51
52
52
52
52
53
53
53
53
54
54
54
54
54
55
55
55
55
55
56
56
56
56
56
57
57
57
57
57
58
58
58
58
59
59
59
59
59
60
60
60
60
60
61
61
61
61
61
62
62
62
62
62
63
63
63
63
64
64
64
64
65
65
65
65
65
66
66
66
66
67
67
67
67
67
68
68
68
68
68
69
69
69
69
69
70
70
70
70
70
71
71
71
71
71
72
72
72
72
72
73
73
73
73
73
74
74
74
74
74
75
75
75
75
75
76
76
76
76
77
77
77
77
77
78
78
78
78
78
79
79
79
79
79
80
80
80
80
81
81
81
81
81
82
82
82
82
82
83
83
83
83
84
84
84
84
84
85
85
85
85
85
86
86
86
86
86
87
87
87
87
87
88
88
88
88
89
89
89
89
89
90
90
90
90
90
91
91
91
91
91
92
92
92
92
92
93
93
93
93
93
94
94
94
94
94
95
95
95
95
95
96
96
96
96
96
97
97
97
97
98
98
98
98
99
99
99
99
99
100
100
100
100
100
101
101
101
101
101
102
102
102
102
103
103
103
103
103
104
104
104
104
104
105
105
105
105
105
106
106
106
106
107
107
107
107
108
108
108
108
109
109
109
109
109
110
110
110
110
110
111
111
111
111
111
112
112
112
112
112
113
113
113
113
114
114
114
114
114
115
115
115
115
115
116
116
116
116
117
117
117
117
117
118
118
118
118
118
119
119
119
119
119
120
120
120
120
120
121
121
121
121
121
122
122
122
122
123
123
123
123
123
124
124
124
124
125
125
125
125
126
126
126
126
126
127
127
127
127
127
128
128
128
128
129
129
129
129
129
130
130
130
130
131
131
131
131
131
132
132
132
132
132
133
133
133
133
133
134
134
134
134
134
135
135
135
135
136
136
136
136
137
137
137
137
138
138
138
138
139
139
139
139
140
140
140
140
141
141
141
141
141
142
142
142
142
142
143
143
143
143
143
144
144
144
144
144
145
145
145
145
145
146
146
146
146
147
147
147
147
147
148
148
148
148
148
149
149
149
149
149
150
150
150
150
151
151
151
151
151
152
152
152
152
152
153
153
153
153
153
154
154
154
154
155
155
155
155
155
156
156
156
157
157
157
157
157
158
158
158
158
159
159
159
159
160
160
160
160
161
161
161
161
162
162
162
162
162
163
163
163
163
164
164
164
164
164
165
165
165
165
166
166
166
166
167
167
167
167
167
168
168
168
168
169
169
169
169
169
170
170
170
170
170
171
171
171
171
172
172
172
172
173
173
173
173
173
174
174
174
174
175
175
175
175
176
176
176
176
177
177
177
177
177
178
178
178
178
179
179
179
179
180
180
180
180
181
181
181
181
181
182
182
182
182
183
183
183
183
183
184
184
184
184
184
185
185
185
185
185
186
186
186
186
187
187
187
187
187
188
188
188
188
188
189
189
189
189
189
190
190
190
190
191
191
191
191
192
192
192
192
192
193
193
193
193
194
194
194
194
194
195
195
195
195
195
196
196
196
196
197
197
197
197
197
198
198
198
198
198
199
199
199
199
200
200
200
200
201
201
201
202
202
202
202
202
203
203
203
203
203
204
204
204
204
204
205
205
205
205
206
206
206
206
206
207
207
207
207
207
208
208
208
208
208
209
209
209
209
209
210
210
210
210
210
211
211
211
211
211
212
212
212
212
212
213
213
213
213
213
214
214
214
214
214
215
215
215
215
215
216
216
216
216
217
217
217
217
217
218
218
218
218
219
219
219
219
220
220
220
220
221
221
221
221
221
222
222
222
222
222
223
223
223
223
223
224
224
224
224
225
225
225
225
226
226
226
226
226
227
227
227
227
228
228
228
228
228
229
229
229
229
229
230
230
230
230
231
231
231
231
231
232
232
232
232
233
233
233
233
234
234
234
234
234
235
235
235
235
235
236
236
236
236
236
237
237
237
237
238
238
238
238
239
239
239
239
240
240
240
240
241
241
241
241
242
242
242
242
242
243
243
243
243
243
244
244
244
244
245
245
245
245
246
246
246
246
246
247
247
247
247
248
248
248
248
248
249
249
249
249
250
250
250
250
251
251
251
251
252
252
252
252
252
253
253
253
253
254
254
254
254
255
255
255
255
256
256
256
256
256
257
257
257
257
257
258
258
258
258
258
259
259
259
259
259
260
260
260
260
261
261
261
261
262
262
262
262
262
263
263
263
264
264
264
264
265
265
265
265
266
266
266
266
267
267
267
267
268
268
268
268
269
269
269
269
269
270
270
270
270
270
271
271
271
271
272
272
272
272
273
273
273
273
273
274
274
274
274
275
275
275
275
275
276
276
276
276
276
277
277
277
277
278
278
278
278
278
279
279
279
279
279
280
280
280
280
281
281
281
281
281
282
282
282
282
283
283
283
283
284
284
284
284
284
285
285
285
285
285
286
286
286
286
286
287
287
287
287
287
288
288
288
288
288
289
289
289
289
289
290
290
290
290
291
291
291
291
291
292
292
292
292
293
293
293
293
293
294
294
294
294
295
295
295
295
296
296
296
296
297
297
297
297
297
298
298
298
298
299
299
299
299
299
300
300
300
300
301
301
301
301
302
302
302
302
302
303
303
303
303
303
304
304
304
304
305
305
305
305
305
306
306
306
306
307
307
307
307
307
308
308
308
308
308
309
309
309
309
310
310
310
310
311
311
311
311
311
312
312
312
312
313
313
313
313
314
314
314
314
314
315
315
315
315
315
316
316
316
316
316
317
317
317
317
317
318
318
318
318
318
319
319
319
319
320
320
320
320
321
321
321
321
322
322
322
322
323
323
323
323
324
324
324
324
325
325
325
325
326
326
326
326
327
327
327
327
328
328
328
328
329
329
329
329
330
330
330
330
330
331
331
331
331
331
332
332
332
332
332
333
333
333
333
334
334
334
334
335
335
335
335
335
336
336
336
336
337
337
337
337
338
338
338
338
338
339
339
339
339
340
340
340
340
341
341
341
342
342
342
342
343
343
343
343
343
344
344
344
344
344
345
345
345
345
346
346
346
346
347
347
347
347
347
348
348
348
348
348
349
349
349
349
350
350
350
350
351
351
351
351
352
352
352
352
353
353
353
353
354
354
354
354
355
355
355
355
356
356
356
356
356
357
357
357
357
358
358
358
358
358
359
359
359
359
359
360
360
360
360
360
361
361
361
361
361
362
362
362
362
363
363
363
363
363
364
364
364
364
365
365
365
366
366
366
367
367
367
368
368
368
368
368
369
369
369
369
369
370
370
370
370
370
371
371
371
371
371
372
372
372
372
373
373
373
373
374
374
374
374
375
375
375
376
376
376
377
377
377
377
377
378
378
378
378
379
379
379
379
379
380
380
380
380
381
381
381
381
381
382
382
382
382
382
383
383
383
383
383
384
384
384
384
384
385
385
385
385
386
386
386
386
387
387
387
387
388
388
388
388
389
389
389
389
389
390
390
390
390
390
391
391
391
391
392
392
392
392
393
393
393
393
393
394
394
394
395
395
395
395
396
396
396
396
397
397
397
397
397
398
398
398
398
398
399
399
399
399
400
400
400
400
401
401
401
401
402
402
402
402
403
403
403
403
403
404
404
404
404
404
405
405
405
405
405
406
406
406
406
407
407
407
407
408
408
408
409
409
409
409
410
410
410
410
411
411
411
411
411
412
412
412
412
412
413
413
413
413
414
414
414
414
414
415
415
415
415
416
416
416
416
417
417
417
417
418
418
418
418
418
419
419
419
419
420
420
420
420
420
421
421
421
421
422
422
422
422
423
423
423
423
424
424
424
424
425
425
425
425
426
426
426
426
427
427
427
427
427
428
428
428
428
429
429
429
429
429
430
430
430
430
430
431
431
431
431
432
432
432
432
433
433
433
433
434
434
434
434
434
435
435
435
435
436
436
436
436
436
437
437
437
437
437
438
438
438
438
438
439
439
439
439
440
440
440
440
441
441
441
441
441
442
442
442
442
443
443
443
443
443
444
444
444
444
445
445
445
445
445
446
446
446
446
447
447
447
447
447
448
448
448
448
449
449
449
449
449
450
450
450
450
450
451
451
451
451
452
452
452
452
452
453
453
453
453
453
454
454
454
454
455
455
455
455
456
456
456
457
457
457
457
458
458
458
458
459
459
459
459
459
460
460
460
460
460
461
461
461
461
462
462
462
462
463
463
463
463
463
464
464
464
465
465
465
465
465
466
466
466
466
467
467
467
467
468
468
468
469
469
469
469
470
470
470
470
470
471
471
471
471
471
472
472
472
472
472
473
473
473
473
473
474
474
474
474
474
475
475
475
475
476
476
476
476
476
477
477
477
477
478
478
478
478
478
479
479
479
479
479
480
480
480
480
480
481
481
481
481
482
482
482
483
483
483
484
484
484
484
485
485
485
485
485
486
486
486
486
486
487
487
487
487
488
488
488
488
488
489
489
489
489
490
490
490
490
491
491
491
491
492
492
492
492
493
493
493
493
493
494
494
494
494
495
495
495
495
496
496
496
496
497
497
497
497
497
498
498
498
498
499
499
499
499
500
500
500
500
501
501
501
501
501
502
502
502
502
502
503
503
503
503
504
504
504
504
505
505
505
505
506
506
506
506
507
507
507
507
508
508
508
508
508
509
509
509
510
510
510
510
511
511
511
511
511
512
512
512
512
512
513
513
513
513
514
514
514
514
515
515
515
515
516
516
516
516
517
517
517
517
518
518
518
518
519
519
519
519
519
520
520
520
520
520
521
521
521
521
521
522
522
522
522
523
523
523
523
524
524
524
524
525
525
525
525
525
526
526
526
526
526
527
527
527
527
527
528
528
528
528
529
529
529
529
529
530
530
530
530
531
531
531
531
532
532
532
533
533
533
533
534
534
534
534
535
535
535
535
535
536
536
536
536
537
537
537
537
537
538
538
538
538
539
539
539
539
540
540
540
540
541
541
541
541
541
542
542
542
542
542
543
543
543
543
544
544
544
544
544
545
545
545
545
546
546
546
546
547
547
547
547
548
548
548
548
549
549
549
549
550
550
550
550
551
551
551
551
552
552
552
552
553
553
553
553
554
554
554
554
554
555
555
555
555
555
556
556
556
556
557
557
557
557
558
558
558
558
559
559
559
559
560
560
560
560
561
561
561
561
561
562
562
562
562
562
563
563
563
563
563
564
564
564
564
565
565
565
565
565
566
566
566
566
566
567
567
567
567
567
568
568
568
568
569
569
569
569
569
570
570
570
570
570
571
571
571
571
572
572
572
572
572
573
573
573
573
574
574
574
574
574
575
575
575
575
575
576
576
576
576
576
577
577
577
577
577
578
578
578
578
579
579
579
579
579
580
580
580
580
581
581
581
581
581
582
582
582
582
582
583
583
583
583
584
584
584
584
585
585
585
585
586
586
586
586
586
587
587
587
587
587
588
588
588
588
589
589
589
589
590
590
590
590
591
591
591
591
591
592
592
592
592
592
593
593
593
593
594
594
594
594
595
595
595
595
596
596
596
596
597
597
597
597
597
598
598
598
598
598
599
599
599
599
600
600
600
600
601
601
601
601
601
602
602
602
602
602
603
603
603
603
603
604
604
604
604
605
605
605
606
606
606
606
607
607
607
607
608
608
608
608
609
609
609
609
610
610
610
610
611
611
611
611
612
612
612
612
613
613
613
613
614
614
614
614
615
615
615
616
616
616
616
617
617
617
617
618
618
618
619
619
619
620
620
621
621
621
622
622
623
623
623
623
624
624
624
625
625
625
626
626
627
627
627
627
628
628
628
629
629
629
630
630
630
630
631
631
631
631
632
632
633
633
634
634
634
634
634
635
635
635
636
636
636
637
637
637
637
638
638
638
638
639
639
640
640
641
641
642
642
642
643
643
644
644
644
644
645
645
645
646
646
646
647
647
648
648
648
648
649
649
649
650
650
650
651
651
651
651
652
652
652
652
653
653
654
654
655
655
655
656
656
656
656
657
657
657
658
658
658
658
659
659
659
660
660
660
661
661
662
662
662
662
663
663
663
663
664
664
664
665
665
665
665
666
666
666
667
667
667
668
668
669
669
669
669
669
670
670
670
671
671
671
672
672
672
672
673
673
673
673
674
674
675
675
676
676
676
676
676
677
677
677
678
678
678
679
679
679
679
680
680
680
680
681
681
682
682
683
683
683
683
683
684
684
684
685
685
685
686
686
686
686
687
687
687
687
688
688
689
689
690
690
690
690
690
691
691
691
692
692
692
693
693
693
693
694
694
694
694
695
695
696
696
697
697
697
697
697
698
698
698
699
699
699
700
700
700
700
701
701
701
701
702
702
703
703
704
704
704
704
705
705
705
705
705
706
706
706
707
707
707
708
708
708
708
709
709
710
710
711
711
711
712
712
712
712
713
713
713
714
714
714
714
715
715
715
716
716
716
717
717
718
718
718
718
718
719
719
719
720
720
720
721
721
721
721
722
722
722
722
723
723
724
724
725
725
725
725
725
726
726
726
727
727
727
728
728
728
728
729
729
729
729
730
730
731
731
732
732
732
732
733
733
733
734
734
735
735
735
735
736
736
736
737
737
738
739
739
739
739
740
740
740
740
741
741
741
742
742
742
742
743
743
743
744
744
744
745
745
746
746
746
746
746
747
747
747
748
748
748
749
749
749
749
750
750
750
750
751
751
752
752
753
753
753
753
753
754
754
754
755
755
755
756
756
756
756
757
757
757
757
758
758
759
759
760
760
760
761
761
761
761
762
762
762
763
763
763
763
764
764
764
765
765
765
766
766
767
767
767
768
768
768
768
769
769
769
770
770
770
770
771
771
771
772
772
772
773
773
774
774
774
774
774
775
775
775
776
776
776
777
777
777
777
778
778
778
778
779
779
780
780
781
781
781
782
782
782
783
783
784
784
784
784
785
785
785
786
786
787
788
788
788
788
788
789
789
790
790
790
791
791
791
792
792
792
792
793
794
794
795
795
795
795
796
796
796
796
797
797
797
798
798
798
798
799
799
799
800
800
800
801
801
802
802
802
803
803
803
804
804
805
805
805
806
806
806
807
807
807
808
809
809
810
810
811
811
812
812
812
813
813
813
814
814
815
815
816
816
816
816
817
817
817
818
818
819
819
819
819
820
820
820
821
821
822
823
823
823
824
824
824
824
825
825
825
826
826
826
826
827
827
827
828
828
828
829
829
830
830
830
830
830
831
831
831
832
832
832
833
833
833
833
834
834
834
834
835
835
836
836
837
837
837
837
837
838
838
838
839
839
839
840
840
840
840
841
841
841
841
842
842
843
843
844
844
844
845
845
845
846
846
846
847
847
847
848
848
849
849
849
850
850
851
851
851
852
852
852
853
853
854
854
854
854
855
855
855
856
856
857
858
858
858
858
859
859
859
860
860
860
861
861
861
861
862
862
862
863
863
863
864
864
865
865
865
865
866
866
866
866
867
867
867
868
868
868
868
869
869
869
870
870
870
871
871
872
872
872
872
873
873
873
873
874
874
874
875
875
875
875
876
876
876
877
877
877
878
878
879
879
879
880
880
880
880
881
881
882
882
882
882
883
883
884
884
884
885
886
886
886
887
887
887
888
888
889
889
889
889
890
890
890
891
891
892
893
893
893
893
894
894
895
895
895
896
896
896
896
897
897
897
898
899
899
900
900
900
900
901
901
901
902
902
902
903
903
903
903
904
904
904
904
905
905
906
906
907
907
907
907
908
908
908
909
909
909
910
910
910
911
911
911
912
912
913
913
914
914
914
914
914
915
915
915
916
916
916
917
917
917
917
918
918
918
918
919
919
920
920
921
921
921
922
922
922
922
923
923
923
924
924
924
924
925
925
925
926
926
926
927
927
928
928
928
928
929
929
930
930
930
931
931
931
931
932
932
932
933
934
934
935
935
935
935
936
936
936
936
937
937
937
938
938
938
938
939
939
939
940
940
940
941
941
942
942
942
942
942
943
943
943
944
944
944
945
945
945
945
946
946
946
946
947
947
948
948
949
949
949
949
950
950
951
951
951
952
952
952
952
953
953
953
954
955
955
956
956
956
957
957
957
958
958
959
959
959
959
960
960
960
961
961
962
963
963
963
963
963
964
964
965
965
965
966
966
966
967
967
967
967
968
969
969
970
970
970
970
971
971
971
972
972
972
973
973
973
973
974
974
974
974
975
975
976
976
977
977
977
978
978
978
979
979
979
980
980
980
980
981
981
981
982
982
982
983
983
984
984
984
984
984
985
985
986
986
986
987
987
987
988
988
988
988
989
990
990
991
991
991
992
992
992
992
993
993
993
994
994
994
995
995
996
996
996
997
997
998
998
998
999
999
999
1000
1000
1000
1001
1001
1001
1001
1002
1002
1003
1003
1004
1004
1005
1005
1005
1006
1006
1006
1007
1007
1007
1008
1008
1008
1008
1009
1009
1010
1010
1011
1011
1012
1012
1012
1012
1013
1013
1013
1014
1014
1014
1015
1015
1015
1015
1016
1016
1016
1016
1017
1017
1018
1018
1019
1019
1019
1020
1020
1020
1020
1021
1021
1021
1022
1022
1022
1022
1023
1023
1023
1024
1024
1024
1025
1025
1026
1026
1027
1027
1027
1028
1028
1029
1029
1029
1030
1030
1030
1031
1031
1031
1032
1032
1033
1033
1033
1034
1034
1034
1035
1036
1036
1036
1037
1037
1037
1038
1038
1040
1040
1040
1040
1040
1041
1041
1041
1042
1042
1042
1043
1043
1043
1043
1044
1044
1044
1044
1045
1045
1046
1046
1047
1047
1047
1047
1048
1048
1048
1049
1049
1049
1050
1050
1050
1050
1051
1051
1051
1052
1052
1052
1053
1053
1054
1054
1054
1055
1055
1055
1055
1056
1056
1056
1057
1057
1057
1057
1058
1058
1058
1059
1059
1059
1060
1060
1061
1061
1062
1062
1062
1063
1063
1064
1064
1064
1064
1065
1065
1065
1066
1066
1066
1067
1067
1068
1068
1068
1069
1069
1070
1070
1071
1071
1071
1072
1072
1072
1073
1073
1073
1074
1074
1075
1075
1076
1076
1076
1077
1077
1078
1078
1078
1079
1079
1080
1080
1081
1082
1082
1082
1083
1083
1083
1084
1084
1085
1085
1085
1086
1086
1087
1087
1088
1089
1089
1089
1090
1090
1090
1091
1091
1091
1092
1092
1092
1092
1093
1093
1093
1094
1094
1094
1095
1095
1096
1096
1096
1096
1097
1097
1097
1098
1098
1098
1099
1099
1099
1099
1100
1100
1100
1100
1101
1101
1102
1102
1103
1103
1103
1104
1104
1105
1105
1106
1106
1106
1106
1107
1107
1108
1109
1110
1110
1110
1111
1111
1112
1112
1112
1113
1113
1113
1113
1114
1114
1115
1115
1116
1116
1117
1117
1117
1117
1118
1118
1118
1119
1119
1119
1120
1120
1120
1120
1121
1121
1121
1121
1122
1122
1123
1123
1124
1124
1124
1125
1125
1126
1126
1126
1127
1127
1127
1128
1128
1128
1129
1129
1130
1130
1131
1131
1131
1132
1132
1133
1133
1134
1134
1134
1134
1135
1135
1136
1137
1138
1138
1138
1139
1139
1139
1140
1140
1141
1141
1141
1141
1142
1142
1142
1143
1143
1144
1145
1145
1146
1146
1147
1147
1147
1148
1148
1149
1149
1150
1150
1151
1151
1152
1152
1153
1153
1153
1154
1154
1155
1155
1155
1156
1156
1157
1157
1158
1159
1159
1159
1160
1160
1160
1161
1161
1161
1162
1162
1162
1162
1163
1163
1163
1164
1164
1164
1165
1165
1166
1166
1166
1166
1167
1167
1167
1168
1168
1168
1169
1169
1169
1169
1170
1170
1170
1170
1171
1171
1172
1172
1173
1173
1173
1173
1174
1174
1174
1175
1175
1175
1176
1176
1176
1177
1177
1177
1178
1178
1178
1179
1179
1180
1180
1180
1180
1181
1181
1182
1182
1183
1183
1183
1184
1184
1184
1185
1186
1187
1187
1187
1188
1188
1188
1189
1189
1189
1190
1190
1190
1190
1191
1191
1191
1192
1192
1192
1193
1193
1194
1194
1194
1195
1195
1195
1196
1196
1197
1197
1197
1198
1198
1198
1199
1199
1199
1200
1201
1201
1202
1202
1203
1203
1204
1204
1204
1204
1205
1205
1206
1206
1206
1207
1208
1208
1208
1209
1209
1209
1210
1210
1210
1211
1211
1211
1211
1212
1212
1212
1213
1213
1213
1214
1214
1215
1215
1215
1216
1216
1217
1217
1217
1218
1218
1218
1218
1219
1219
1220
1220
1221
1221
1222
1222
1222
1223
1223
1224
1224
1225
1225
1225
1225
1226
1226
1227
1228
1229
1229
1229
1230
1230
1230
1231
1232
1232
1232
1232
1233
1233
1234
1234
1236
1236
1237
1237
1237
1238
1238
1239
1239
1239
1240
1240
1241
1241
1242
1243
1243
1243
1244
1244
1244
1245
1245
1246
1246
1246
1246
1247
1247
1247
1248
1248
1249
1250
1250
1250
1251
1251
1251
1252
1252
1252
1253
1253
1253
1253
1254
1254
1254
1255
1255
1255
1256
1256
1257
1257
1257
1258
1258
1258
1259
1259
1259
1260
1260
1260
1260
1261
1261
1261
1262
1262
1262
1263
1263
1264
1264
1264
1265
1265
1266
1266
1267
1267
1267
1268
1268
1268
1269
1270
1271
1271
1271
1271
1272
1272
1272
1272
1273
1273
1273
1274
1274
1274
1274
1275
1275
1275
1276
1276
1276
1277
1277
1278
1278
1278
1279
1279
1279
1279
1280
1280
1280
1281
1281
1281
1282
1282
1283
1283
1283
1284
1284
1285
1285
1285
1285
1285
1286
1286
1286
1287
1287
1287
1288
1288
1288
1288
1289
1289
1289
1289
1290
1290
1291
1291
1292
1292
1292
1293
1293
1293
1293
1294
1294
1294
1295
1295
1295
1295
1296
1296
1296
1297
1297
1297
1298
1298
1299
1299
1299
1299
1300
1300
1301
1301
1302
1302
1302
1303
1303
1303
1304
1305
1306
1306
1306
1307
1307
1307
1308
1309
1309
1309
1310
1310
1310
1311
1311
1313
1313
1313
1314
1314
1314
1314
1315
1315
1315
1316
1316
1316
1316
1317
1317
1317
1318
1318
1318
1319
1319
1320
1320
1320
1321
1321
1321
1322
1322
1323
1323
1323
1324
1324
1324
1325
1325
1325
1326
1327
1327
1327
1328
1328
1328
1329
1330
1330
1330
1330
1331
1331
1332
1332
1334
1334
1335
1335
1336
1336
1337
1337
1337
1338
1338
1339
1339
1339
1340
1341
1341
1341
1342
1342
1342
1343
1343
1344
1344
1344
1344
1345
1345
1346
1346
1346
1347
1348
1348
1348
1349
1349
1349
1349
1350
1350
1350
1351
1351
1351
1351
1352
1352
1352
1353
1353
1353
1354
1354
1355
1355
1355
1356
1356
1356
1357
1357
1358
1358
1358
1358
1359
1359
1359
1360
1360
1361
1362
1362
1363
1363
1364
1364
1365
1365
1365
1366
1367
1367
1369
1369
1370
1370
1370
1371
1372
1372
1372
1373
1373
1374
1374
1374
1375
1376
1376
1377
1377
1377
1378
1378
1379
1379
1379
1380
1380
1381
1381
1382
1383
1383
1383
1384
1384
1384
1385
1385
1386
1386
1386
1386
1387
1387
1387
1388
1388
1389
1390
1390
1390
1391
1391
1391
1392
1392
1393
1393
1393
1393
1394
1394
1395
1395
1395
1396
1397
1397
1397
1398
1398
1398
1399
1399
1399
1400
1400
1400
1400
1401
1401
1401
1402
1402
1402
1403
1403
1404
1404
1404
1405
1405
1405
1406
1406
1407
1407
1407
1407
1408
1408
1408
1409
1409
1410
1411
1411
1411
1412
1412
1413
1413
1414
1414
1414
1415
1415
1415
1416
1417
1418
1418
1419
1419
1419
1420
1420
1421
1421
1421
1422
1422
1423
1423
1424
1425
1425
1425
1425
1426
1426
1426
1426
1426
1427
1427
1427
1428
1428
1428
1429
1429
1429
1429
1430
1430
1431
1431
1432
1432
1432
1433
1433
1433
1434
1435
1435
1435
1436
1436
1436
1437
1437
1439
1439
1440
1440
1441
1441
1441
1442
1442
1442
1443
1444
1444
1445
1445
1446
1446
1447
1447
1447
1448
1448
1449
1449
1449
1450
1450
1451
1451
1452
1453
1453
1453
1454
1454
1454
1455
1455
1456
1456
1456
1457
1457
1457
1458
1458
1458
1459
1460
1460
1460
1461
1461
1461
1462
1462
1462
1463
1463
1463
1463
1464
1464
1464
1465
1465
1465
1466
1466
1467
1467
1468
1468
1468
1469
1469
1470
1470
1471
1472
1472
1473
1474
1474
1475
1475
1476
1477
1477
1478
1479
1481
1481
1481
1482
1482
1482
1482
1483
1483
1483
1484
1484
1484
1485
1485
1486
1486
1486
1487
1487
1488
1488
1488
1489
1489
1489
1490
1490
1490
1491
1491
1492
1492
1493
1493
1494
1494
1495
1495
1496
1496
1496
1497
1497
1498
1498
1498
1499
1499
1500
1500
1501
1502
1502
1502
1502
1503
1503
1503
1504
1504
1504
1505
1505
1505
1506
1506
1506
1507
1507
1508
1508
1509
1509
1509
1510
1510
1510
1511
1512
1512
1512
1513
1513
1513
1514
1514
1516
1516
1516
1516
1517
1518
1518
1518
1519
1519
1519
1520
1520
1520
1522
1522
1523
1523
1524
1524
1525
1526
1526
1527
1528
1530
1530
1531
1531
1532
1533
1533
1534
1535
1537
1537
1537
1538
1538
1538
1539
1539
1539
1540
1540
1540
1541
1541
1541
1542
1542
1543
1543
1544
1544
1544
1545
1545
1545
1546
1546
1546
1547
1547
1547
1547
1548
1548
1548
1549
1549
1549
1550
1550
1551
1551
1551
1552
1552
1553
1553
1554
1554
1554
1554
1555
1555
1556
1557
1558
1558
1559
1559
1560
1560
1561
1561
1562
1563
1563
1564
1565
1565
1565
1566
1566
1566
1567
1568
1568
1568
1569
1569
1569
1570
1570
1572
1572
1572
1573
1573
1574
1574
1575
1575
1575
1576
1576
1576
1577
1578
1579
1579
1579
1580
1580
1580
1581
1582
1582
1583
1583
1584
1584
1586
1586
1586
1587
1587
1588
1588
1589
1589
1589
1590
1590
1590
1591
1592
1593
1593
1593
1594
1594
1594
1595
1595
1596
1596
1596
1597
1597
1597
1598
1598
1598
1599
1600
1600
1600
1601
1601
1601
1602
1603
1603
1603
1604
1604
1604
1605
1605
1607
1607
1607
1608
1608
1608
1609
1609
1609
1610
1610
1610
1610
1611
1611
1611
1612
1612
1612
1613
1613
1614
1614
1614
1615
1615
1615
1616
1616
1616
1617
1617
1617
1617
1618
1618
1618
1619
1619
1619
1620
1620
1621
1621
1621
1621
1622
1622
1622
1623
1623
1623
1624
1624
1624
1625
1625
1625
1626
1626
1626
1627
1627
1628
1628
1628
1629
1629
1629
1630
1630
1630
1631
1631
1631
1631
1632
1632
1632
1633
1633
1633
1634
1634
1635
1635
1635
1635
1636
1636
1636
1637
1637
1637
1638
1638
1638
1638
1639
1639
1639
1639
1640
1640
1641
1641
1642
1642
1643
1643
1643
1644
1644
1644
1645
1645
1646
1646
1647
1647
1648
1648
1649
1649
1649
1650
1650
1651
1652
1652
1652
1653
1653
1654
1656
1656
1656
1657
1657
1657
1658
1658
1659
1659
1659
1660
1660
1660
1661
1661
1661
1662
1663
1663
1663
1664
1664
1664
1665
1666
1666
1666
1667
1667
1667
1668
1668
1670
1670
1671
1671
1672
1672
1672
1673
1673
1673
1674
1675
1675
1676
1676
1677
1677
1678
1678
1678
1679
1679
1679
1680
1680
1680
1681
1681
1682
1682
1682
1683
1683
1684
1684
1684
1685
1685
1685
1686
1686
1686
1687
1687
1687
1687
1688
1688
1688
1689
1689
1689
1690
1690
1691
1691
1691
1691
1691
1692
1692
1692
1693
1693
1693
1694
1694
1694
1694
1695
1695
1695
1695
1696
1696
1697
1697
1698
1698
1699
1699
1699
1700
1700
1700
1701
1701
1701
1702
1703
1703
1704
1704
1705
1705
1706
1706
1707
1707
1707
1708
1708
1709
1709
1710
1710
1711
1711
1712
1712
1713
1713
1713
1714
1714
1715
1715
1715
1715
1716
1716
1717
1717
1717
1718
1719
1719
1719
1720
1720
1720
1721
1721
1721
1722
1722
1722
1722
1723
1723
1723
1724
1724
1724
1725
1725
1726
1726
1726
1727
1727
1728
1728
1729
1729
1729
1730
1730
1730
1731
1731
1731
1732
1732
1733
1733
1734
1734
1735
1735
1736
1736
1736
1737
1738
1738
1740
1740
1740
1741
1741
1741
1742
1742
1743
1743
1743
1744
1744
1745
1745
1746
1747
1747
1748
1748
1748
1749
1750
1750
1750
1751
1751
1752
1752
1752
1753
1754
1754
1754
1755
1755
1755
1756
1757
1757
1757
1758
1758
1758
1759
1759
1761
1761
1762
1762
1763
1764
1764
1765
1765
1766
1766
1767
1768
1768
1768
1769
1769
1769
1769
1770
1770
1770
1771
1771
1771
1771
1772
1772
1772
1773
1773
1773
1774
1774
1775
1775
1776
1776
1776
1777
1777
1778
1778
1778
1779
1779
1780
1780
1781
1782
1782
1782
1783
1783
1784
1784
1785
1785
1785
1786
1786
1786
1787
1788
1789
1789
1789
1790
1790
1790
1791
1792
1792
1792
1793
1793
1793
1794
1794
1796
1796
1797
1797
1798
1798
1799
1799
1799
1800
1801
1801
1803
1803
1803
1804
1804
1804
1805
1806
1806
1806
1806
1807
1807
1808
1808
1810
1810
1811
1811
1811
1812
1812
1812
1813
1813
1813
1814
1814
1815
1815
1815
1816
1816
1817
1817
1818
1818
1818
1819
1819
1820
1820
1820
1821
1821
1822
1822
1823
1824
1824
1825
1825
1826
1826
1827
1827
1828
1828
1829
1830
1831
1831
1831
1832
1832
1832
1833
1834
1834
1834
1835
1835
1835
1836
1836
1838
1838
1839
1839
1840
1840
1841
1841
1841
1842
1843
1843
1845
1845
1845
1846
1846
1847
1847
1848
1848
1848
1849
1849
1849
1850
1851
1852
1852
1852
1853
1853
1853
1854
1855
1855
1855
1856
1856
1856
1857
1857
1859
1859
1859
1860
1860
1861
1862
1862
1862
1863
1863
1864
1866
1866
1867
1867
1867
1868
1868
1869
1869
1869
1870
1870
1870
1871
1871
1871
1872
1872
1873
1873
1873
1873
1874
1875
1875
1875
1876
1876
1876
1877
1877
1877
1879
1879
1880
1880
1881
1881
1882
1882
1883
1883
1883
1884
1884
1885
1885
1885
1886
1887
1887
1887
1888
1888
1888
1889
1889
1889
1890
1890
1890
1890
1891
1891
1891
1892
1892
1892
1893
1893
1894
1894
1895
1895
1896
1896
1897
1897
1898
1898
1899
1900
1901
1901
1902
1902
1902
1903
1903
1904
1904
1905
1905
1906
1906
1906
1907
1908
1908
1909
1909
1909
1910
1910
1911
1911
1911
1912
1913
1913
1913
1914
1915
1915
1916
1916
1917
1917
1917
1918
1918
1918
1919
1920
1920
1921
1921
1922
1922
1923
1923
1923
1924
1925
1925
1926
1926
1927
1928
1929
1929
1930
1930
1931
1931
1931
1932
1932
1932
1933
1934
1934
1935
1935
1936
1936
1936
1937
1937
1938
1938
1939
1939
1939
1940
1940
1940
1941
1942
1943
1943
1944
1944
1945
1945
1945
1946
1946
1946
1947
1948
1948
1949
1949
1950
1950
1951
1951
1952
1952
1953
1953
1954
1954
1955
1956
1957
1957
1957
1958
1958
1959
1959
1959
1960
1960
1960
1961
1961
1961
1962
1962
1963
1963
1964
1964
1964
1965
1965
1965
1966
1966
1966
1967
1967
1967
1967
1968
1968
1968
1969
1969
1969
1970
1970
1971
1971
1971
1972
1972
1972
1973
1973
1974
1974
1974
1975
1975
1975
1976
1976
1976
1977
1977
1978
1978
1978
1979
1979
1979
1980
1980
1981
1981
1981
1981
1982
1982
1982
1983
1983
1984
1985
1985
1986
1986
1986
1986
1987
1987
1987
1988
1988
1988
1989
1989
1990
1990
1990
1991
1991
1992
1992
1992
1993
1993
1994
1994
1994
1995
1995
1995
1996
1996
1996
1997
1997
1998
1998
1999
1999
1999
1999
2000
2000
2001
2001
2001
2002
2002
2002
2002
2003
2003
2003
2004
2005
2005
2006
2006
2006
2007
2007
2007
2008
2008
2009
2009
2009
2009
2010
2010
2010
2011
2011
2012
2013
2013
2014
2014
2015
2015
2016
2016
2017
2017
2018
2019
2020
2020
2020
2021
2021
2022
2022
2023
2023
2023
2024
2025
2025
2027
2027
2028
2028
2029
2029
2030
2030
2031
2032
2032
2033
2034
2034
2035
2035
2036
2036
2037
2037
2037
2038
2039
2040
2041
2041
2041
2042
2042
2042
2043
2043
2044
2044
2044
2044
2045
2045
2046
2046
2046
2047
2048
2048
2049
2049
2049
2050
2051
2051
2051
2052
2053
2053
2055
2055
2055
2056
2056
2057
2057
2058
2058
2058
2059
2059
2059
2060
2061
2062
2062
2062
2063
2063
2063
2064
2064
2064
2065
2065
2065
2065
2066
2066
2066
2067
2067
2067
2068
2068
2069
2069
2069
2070
2070
2070
2071
2072
2072
2072
2072
2073
2073
2074
2074
2076
2076
2076
2077
2077
2077
2078
2079
2079
2079
2079
2080
2080
2081
2081
2083
2083
2084
2084
2085
2085
2086
2086
2086
2087
2088
2089
2090
2090
2090
2090
2090
2091
2091
2091
2092
2092
2092
2093
2093
2093
2093
2094
2094
2094
2094
2095
2095
2096
2096
2097
2097
2097
2098
2098
2098
2098
2099
2099
2100
2100
2100
2100
2101
2101
2102
2102
2102
2103
2104
2104
2104
2105
2105
2105
2105
2106
2106
2106
2107
2107
2107
2108
2108
2109
2109
2109
2110
2110
2111
2111
2111
2112
2112
2112
2113
2114
2114
2114
2115
2115
2115
2116
2116
2118
2118
2118
2119
2119
2119
2120
2121
2121
2121
2121
2122
2122
2123
2123
2125
2125
2125
2126
2126
2127
2127
2128
2128
2128
2129
2129
2129
2130
2131
2132
2132
2132
2132
2133
2133
2134
2134
2135
2135
2136
2136
2136
2136
2137
2138
2139
2139
2140
2140
2140
2141
2141
2142
2142
2142
2143
2144
2144
2144
2145
2146
2146
2147
2147
2148
2148
2149
2149
2150
2151
2151
2152
2153
2153
2153
2154
2154
2155
2155
2156
2156
2156
2157
2157
2158
2158
2159
2160
2160
2161
2161
2161
2162
2162
2163
2163
2163
2164
2164
2164
2165
2165
2165
2166
2166
2167
2167
2168
2168
2168
2169
2169
2169
2170
2170
2170
2171
2171
2172
2172
2172
2173
2173
2174
2174
2174
2175
2175
2175
2176
2176
2176
2177
2177
2178
2178
2179
2179
2180
2180
2181
2181
2181
2182
2182
2182
2183
2183
2184
2184
2184
2184
2185
2185
2186
2186
2186
2187
2188
2188
2189
2189
2189
2190
2191
2191
2191
2192
2192
2192
2193
2193
2194
2194
2195
2195
2195
2196
2196
2197
2197
2198
2198
2199
2199
2200
2201
2202
2202
2202
2202
2203
2203
2204
2204
2204
2205
2205
2205
2205
2206
2206
2206
2207
2208
2208
2209
2209
2210
2210
2211
2211
2212
2212
2213
2213
2214
2215
2216
2216
2216
2217
2217
2217
2217
2218
2218
2219
2219
2219
2219
2220
2220
2221
2221
2221
2222
2223
2223
2224
2224
2224
2225
2225
2226
2226
2227
2227
2228
2228
2228
2229
2230
2230
2231
2231
2231
2231
2232
2232
2232
2233
2233
2233
2234
2234
2235
2235
2235
2236
2236
2237
2237
2237
2237
2238
2238
2238
2238
2239
2239
2240
2240
2240
2241
2241
2241
2242
2242
2242
2243
2244
2244
2245
2245
2245
2246
2246
2247
2247
2247
2248
2248
2249
2249
2250
2251
2251
2251
2252
2252
2253
2253
2254
2254
2254
2255
2255
2255
2256
2256
2256
2257
2257
2258
2258
2259
2259
2259
2260
2260
2261
2261
2261
2262
2263
2263
2263
2264
2265
2265
2266
2266
2266
2267
2267
2268
2268
2268
2269
2270
2270
2270
2271
2272
2272
2272
2272
2273
2273
2273
2274
2274
2275
2275
2275
2276
2276
2276
2276
2277
2277
2278
2279
2279
2280
2280
2280
2281
2282
2282
2282
2283
2283
2284
2284
2284
2285
2286
2286
2287
2287
2287
2288
2288
2289
2289
2289
2290
2290
2291
2291
2292
2293
2293
2293
2294
2294
2295
2295
2295
2296
2296
2296
2297
2297
2297
2298
2298
2299
2299
2300
2300
2301
2301
2302
2302
2303
2303
2303
2304
2304
2305
2305
2305
2306
2307
2307
2308
2308
2309
2309
2309
2310
2310
2311
2311
2312
2312
2313
2313
2314
2314
2314
2315
2315
2315
2316
2316
2317
2317
2318
2318
2318
2319
2320
2321
2321
2322
2322
2323
2323
2324
2324
2325
2326
2326
2327
2328
2328
2329
2329
2330
2330
2331
2331
2332
2332
2333
2334
2335
2335
2335
2336
2336
2336
2337
2337
2338
2338
2338
2339
2339
2340
2340
2341
2342
2342
2342
2343
2343
2343
2344
2344
2344
2345
2345
2345
2345
2346
2346
2347
2347
2348
2348
2349
2349
2350
2350
2350
2351
2351
2352
2352
2352
2353
2353
2354
2354
2355
2356
2356
2356
2357
2358
2358
2359
2359
2359
2360
2360
2362
2363
2363
2363
2364
2364
2365
2365
2366
2366
2366
2367
2367
2367
2368
2368
2368
2369
2369
2370
2370
2370
2371
2371
2372
2372
2373
2373
2374
2374
2375
2376
2377
2377
2378
2378
2378
2379
2379
2379
2380
2380
2381
2381
2382
2382
2383
2383
2384
2384
2385
2385
2385
2386
2387
2387
2387
2388
2389
2389
2391
2391
2392
2392
2392
2393
2393
2393
2394
2394
2395
2395
2396
2396
2397
2397
2398
2398
2399
2399
2399
2400
2400
2401
2401
2401
2402
2403
2403
2403
2404
2405
2405
2406
2406
2407
2407
2408
2408
2409
2409
2410
2411
2412
2412
2412
2412
2413
2413
2414
2414
2414
2415
2415
2415
2416
2416
2416
2416
2417
2418
2418
2419
2419
2419
2420
2420
2420
2421
2421
2422
2422
2422
2422
2423
2423
2423
2424
2424
2425
2426
2426
2427
2427
2427
2428
2428
2429
2429
2430
2431
2431
2432
2433
2433
2433
2434
2434
2434
2435
2435
2436
2436
2436
2436
2437
2437
2438
2438
2438
2439
2440
2440
2441
2441
2441
2441
2442
2442
2442
2443
2443
2443
2444
2444
2445
2445
2445
2446
2446
2447
2447
2447
2447
2447
2448
2448
2449
2449
2450
2450
2451
2451
2451
2451
2452
2453
2454
2454
2454
2455
2455
2456
2457
2457
2457
2458
2458
2459
2461
2461
2462
2462
2463
2463
2464
2464
2464
2465
2465
2466
2466
2466
2467
2468
2468
2468
2468
2468
2469
2469
2469
2470
2470
2471
2471
2471
2472
2472
2472
2472
2473
2473
2474
2475
2475
2476
2476
2477
2478
2478
2479
2480
2482
2482
2483
2483
2484
2485
2485
2486
2487
2489
2489
2490
2490
2490
2491
2492
2492
2493
2493
2494
2494
2496
2496
2497
2497
2498
2498
2499
2499
2500
2500
2501
2502
2503
2503
2503
2504
2504
2504
2505
2505
2506
2506
2506
2506
2507
2507
2507
2508
2508
2509
2510
2510
2510
2510
2511
2511
2511
2511
2512
2512
2512
2513
2513
2513
2513
2514
2514
2514
2515
2515
2515
2516
2516
2517
2517
2517
2518
2518
2519
2519
2520
2520
2520
2521
2521
2521
2522
2523
2524
2524
2524
2525
2525
2525
2526
2527
2527
2527
2528
2528
2528
2529
2529
2531
2531
2532
2532
2533
2533
2534
2534
2534
2535
2536
2537
2538
2538
2539
2539
2540
2540
2541
2541
2541
2542
2543
2543
2545
2545
2545
2546
2546
2546
2547
2547
2547
2548
2548
2548
2548
2549
2549
2549
2550
2550
2550
2551
2551
2552
2552
2552
2553
2553
2554
2554
2555
2555
2555
2555
2556
2556
2557
2558
2559
2559
2560
2560
2561
2561
2562
2562
2563
2564
2564
2565
2566
2566
2566
2567
2567
2567
2568
2568
2569
2569
2569
2569
2570
2570
2570
2571
2571
2572
2573
2573
2574
2574
2574
2574
2575
2575
2575
2576
2576
2576
2577
2577
2578
2578
2578
2579
2579
2580
2580
2581
2581
2582
2582
2583
2583
2584
2584
2585
2586
2587
2587
2587
2588
2588
2589
2589
2590
2590
2590
2590
2591
2591
2592
2593
2594
2594
2595
2595
2596
2596
2597
2597
2598
2598
2598
2599
2599
2600
2600
2601
2601
2602
2602
2603
2604
2604
2605
2606
2608
2608
2609
2609
2610
2610
2610
2611
2611
2611
2612
2613
2613
2614
2614
2615
2615
2616
2616
2616
2617
2618
2618
2618
2619
2620
2620
2622
2622
2623
2623
2624
2624
2624
2625
2625
2625
2626
2627
2627
2628
2628
2629
2629
2629
2630
2630
2630
2631
2631
2632
2632
2632
2632
2633
2633
2633
2634
2634
2635
2636
2636
2636
2637
2637
2637
2637
2638
2638
2638
2639
2639
2639
2639
2640
2640
2640
2641
2641
2641
2642
2642
2643
2643
2644
2644
2645
2645
2646
2646
2647
2648
2648
2649
2650
2650
2651
2651
2652
2652
2653
2653
2654
2655
2655
2656
2657
2657
2658
2658
2658
2659
2660
2660
2660
2661
2662
2662
2664
2664
2665
2665
2665
2666
2666
2667
2667
2667
2668
2668
2668
2669
2669
2669
2670
2670
2671
2671
2672
2672
2672
2673
2673
2673
2674
2674
2675
2675
2676
2676
2677
2677
2678
2678
2679
2679
2679
2680
2680
2681
2681
2681
2682
2682
2683
2683
2684
2685
2685
2686
2686
2687
2688
2688
2689
2690
2692
2692
2693
2693
2693
2694
2695
2695
2696
2696
2696
2697
2697
2698
2698
2699
2699
2699
2700
2700
2701
2701
2702
2702
2702
2703
2703
2703
2704
2705
2706
2706
2706
2707
2707
2707
2708
2708
2709
2709
2709
2710
2710
2710
2711
2711
2711
2712
2712
2713
2713
2713
2713
2713
2714
2714
2714
2715
2715
2716
2716
2716
2717
2717
2717
2717
2718
2718
2719
2720
2720
2720
2721
2721
2722
2722
2723
2723
2724
2724
2724
2725
2725
2726
2726
2727
2727
2727
2728
2728
2729
2729
2730
2730
2731
2731
2731
2732
2732
2733
2733
2734
2734
2734
2735
2735
2735
2736
2736
2736
2737
2737
2737
2737
2738
2738
2738
2739
2739
2739
2740
2740
2741
2741
2742
2742
2742
2743
2743
2744
2744
2744
2745
2746
2746
2746
2747
2748
2748
2749
2749
2750
2750
2751
2751
2752
2752
2752
2753
2753
2754
2754
2755
2755
2756
2756
2756
2757
2757
2758
2758
2758
2759
2760
2760
2760
2761
2762
2762
2763
2763
2764
2765
2765
2766
2766
2767
2767
2768
2769
2769
2769
2770
2770
2770
2771
2771
2771
2772
2772
2772
2772
2773
2773
2773
2774
2774
2774
2775
2775
2776
2776
2776
2776
2777
2777
2777
2777
2778
2778
2778
2779
2779
2779
2779
2780
2780
2780
2781
2781
2781
2782
2782
2783
2783
2783
2784
2784
2785
2785
2785
2786
2786
2787
2787
2788
2788
2789
2789
2790
2790
2791
2791
2792
2792
2793
2793
2794
2795
2795
2796
2797
2797
2798
2798
2799
2799
2800
2800
2801
2801
2802
2803
2804
2804
2805
2805
2806
2807
2807
2808
2808
2809
2809
2810
2811
2811
2811
2812
2812
2813
2814
2814
2814
2815
2815
2816
2816
2816
2817
2818
2818
2819
2819
2819
2820
2820
2820
2821
2821
2821
2822
2822
2823
2823
2823
2824
2824
2825
2825
2825
2826
2826
2826
2827
2828
2828
2828
2829
2829
2829
2830
2830
2832
2832
2832
2833
2833
2833
2834
2834
2834
2835
2835
2835
2835
2836
2836
2836
2837
2837
2837
2838
2838
2839
2839
2840
2840
2841
2841
2842
2842
2843
2844
2844
2845
2846
2846
2847
2847
2848
2848
2849
2849
2849
2850
2851
2852
2853
2853
2854
2854
2854
2855
2855
2856
2856
2856
2857
2857
2857
2858
2858
2858
2859
2859
2860
2860
2861
2861
2861
2862
2862
2863
2863
2863
2864
2864
2864
2865
2865
2865
2866
2866
2867
2867
2868
2868
2868
2869
2869
2870
2870
2870
2871
2871
2871
2872
2872
2872
2873
2873
2874
2874
2875
2875
2875
2876
2876
2877
2877
2877
2878
2878
2878
2879
2879
2879
2880
2880
2881
2881
2882
2882
2883
2884
2884
2885
2885
2886
2886
2887
2888
2888
2889
2889
2890
2891
2891
2892
2892
2893
2893
2894
2895
2895
2896
2896
2897
2898
2898
2899
2899
2900
2900
2901
2902
2902
2903
2903
2903
2904
2905
2905
2905
2906
2906
2907
2907
2907
2908
2909
2909
2910
2910
2911
2911
2912
2912
2913
2913
2913
2914
2914
2915
2915
2916
2916
2916
2917
2917
2917
2918
2918
2919
2919
2919
2920
2920
2920
2921
2921
2921
2922
2922
2923
2923
2924
2924
2925
2926
2926
2927
2927
2928
2928
2929
2930
2930
2930
2931
2931
2931
2932
2932
2933
2933
2933
2934
2934
2935
2935
2936
2937
2937
2938
2938
2938
2939
2939
2939
2940
2940
2940
2941
2941
2942
2942
2942
2943
2943
2944
2944
2945
2945
2945
2946
2946
2947
2947
2947
2948
2949
2949
2949
2950
2951
2951
2951
2952
2952
2953
2953
2954
2954
2955
2955
2956
2957
2958
2958
2958
2959
2959
2959
2960
2960
2961
2961
2961
2962
2962
2963
2963
2964
2965
2965
2966
2966
2966
2967
2967
2968
2968
2968
2969
2970
2970
2970
2971
2972
2972
2973
2973
2974
2974
2974
2975
2975
2976
2976
2977
2977
2978
2978
2979
2979
2980
2980
2981
2981
2981
2982
2982
2983
2983
2984
2984
2985
2985
2986
2986
2986
2987
2987
2988
2988
2989
2989
2989
2989
2990
2990
2991
2992
2993
2993
2994
2994
2994
2995
2995
2996
2996
2996
2997
2997
2998
2998
2999
3000
3000
3001
3001
3001
3002
3002
3003
3003
3003
3004
3004
3005
3005
3006
3007
3007
3008
3008
3008
3009
3009
3010
3010
3011
3011
3012
3013
3014
3014
3015
3015
3016
3017
3017
3018
3019
3021
3021
3022
3022
3023
3023
3023
3024
3024
3024
3025
3026
3026
3027
3027
3028
3028
3028
3029
3029
3029
3030
3031
3031
3031
3031
3032
3032
3033
3033
3035
3035
3036
3036
3036
3036
3037
3037
3038
3038
3039
3039
3040
3040
3040
3041
3042
3042
3043
3043
3043
3044
3044
3045
3045
3045
3046
3046
3047
3047
3048
3049
3049
3049
3050
3050
3050
3051
3051
3052
3052
3052
3052
3053
3053
3053
3054
3054
3055
3056
3056
3056
3057
3057
3058
3058
3058
3059
3059
3059
3059
3060
3060
3061
3061
3062
3062
3063
3063
3064
3064
3065
3065
3066
3066
3067
3068
3068
3069
3070
3070
3071
3071
3072
3072
3073
3073
3074
3074
3075
3076
3077
3077
3078
3078
3079
3079
3080
3080
3081
3081
3082
3083
3084
3084
3085
3085
3086
3086
3087
3087
3088
3089
3089
3090
3091
3091
3091
3092
3092
3093
3093
3093
3094
3094
3094
3095
3095
3095
3096
3096
3097
3097
3098
3098
3099
3099
3099
3100
3101
3101
3102
3102
3103
3104
3105
3105
3106
3106
3107
3108
3108
3109
3110
3112
3112
3113
3113
3114
3114
3114
3115
3115
3115
3116
3117
3117
3118
3118
3119
3119
3120
3120
3121
3121
3122
3122
3122
3123
3124
3125
3126
3126
3127
3127
3127
3128
3128
3129
3129
3129
3130
3131
3131
3131
3132
3133
3133
3134
3134
3134
3135
3135
3135
3136
3136
3136
3137
3137
3138
3138
3138
3139
3139
3140
3140
3141
3141
3141
3142
3142
3143
3143
3144
3145
3145
3146
3147
3147
3147
3148
3148
3149
3149
3150
3150
3150
3150
3151
3151
3152
3153
3154
3154
3155
3155
3156
3156
3156
3157
3157
3157
3158
3159
3159
3160
3160
3161
3161
3162
3162
3163
3163
3164
3164
3164
3165
3166
3167
3168
3168
3168
3169
3169
3170
3171
3171
3171
3172
3172
3172
3173
3173
3174
3174
3175
3175
3176
3176
3176
3177
3177
3178
3178
3179
3179
3180
3180
3180
3181
3181
3182
3182
3183
3183
3184
3184
3184
3185
3185
3186
3186
3187
3187
3187
3188
3188
3189
3189
3190
3190
3191
3191
3192
3192
3193
3194
3194
3195
3196
3196
3196
3197
3197
3198
3198
3199
3199
3199
3199
3200
3200
3201
3202
3203
3203
3204
3204
3205
3205
3206
3206
3207
3207
3208
3209
3210
3210
3210
3210
3211
3212
3212
3212
3213
3213
3213
3214
3214
3214
3216
3216
3217
3217
3218
3218
3219
3219
3220
3220
3220
3221
3222
3223
3224
3224
3225
3225
3226
3226
3226
3227
3227
3228
3228
3229
3229
3230
3230
3231
3231
3232
3232
3233
3233
3234
3234
3234
3235
3236
3237
3238
3238
3239
3239
3240
3241
3241
3242
3243
3245
3245
3246
3246
3246
3247
3247
3248
3248
3248
3249
3249
3249
3250
3250
3251
3251
3252
3252
3253
3253
3253
3254
3254
3255
3255
3255
3256
3256
3256
3257
3257
3258
3258
3259
3259
3260
3260
3260
3261
3261
3261
3262
3262
3262
3263
3263
3264
3264
3264
3265
3265
3266
3266
3267
3267
3267
3268
3268
3269
3269
3270
3270
3271
3271
3271
3272
3273
3273
3273
3274
3274
3274
3275
3275
3276
3276
3276
3276
3277
3277
3277
3278
3278
3279
3280
3280
3281
3281
3282
3282
3283
3283
3284
3285
3285
3286
3287
3287
3287
3288
3288
3288
3289
3289
3289
3290
3290
3290
3291
3291
3291
3292
3292
3293
3293
3294
3294
3295
3295
3295
3296
3297
3297
3298
3298
3299
3299
3301
3301
3302
3302
3303
3304
3304
3305
3306
3308
3308
3309
3309
3309
3309
3310
3310
3310
3311
3311
3311
3312
3312
3313
3313
3313
3314
3314
3315
3315
3316
3316
3316
3317
3317
3318
3318
3319
3319
3320
3320
3320
3321
3322
3322
3323
3323
3324
3324
3325
3325
3326
3326
3327
3328
3329
3329
3330
3330
3330
3331
3331
3332
3332
3332
3333
3333
3334
3334
3335
3336
3336
3337
3337
3338
3338
3339
3339
3339
3340
3341
3342
3343
3343
3344
3344
3344
3345
3345
3346
3346
3347
3347
3348
3348
3348
3349
3350
3350
3350
3350
3350
3351
3351
3352
3352
3352
3353
3353
3353
3354
3354
3354
3354
3355
3356
3356
3357
3357
3358
3358
3359
3360
3360
3361
3362
3364
3364
3365
3365
3365
3366
3366
3367
3367
3367
3367
3368
3368
3368
3369
3369
3369
3370
3370
3371
3371
3371
3372
3372
3373
3373
3374
3374
3374
3375
3375
3375
3376
3377
3378
3378
3379
3379
3380
3381
3381
3382
3383
3385
3385
3385
3385
3386
3387
3387
3387
3388
3388
3388
3389
3389
3389
3391
3391
3392
3392
3392
3393
3393
3393
3394
3394
3394
3395
3395
3396
3396
3397
3397
3398
3398
3399
3399
3400
3400
3401
3401
3402
3402
3402
3403
3404
3405
3406
3406
3407
3407
3407
3408
3409
3409
3409
3410
3411
3411
3413
3413
3413
3414
3414
3415
3416
3416
3416
3417
3417
3418
3420
3420
3421
3421
3422
3423
3423
3424
3425
3427
3427
3428
3428
3429
3430
3430
3431
3432
3434
3434
3435
3435
3436
3436
3437
3437
3438
3439
3439
3440
3441
3441
3441
3442
3442
3442
3443
3443
3444
3444
3444
3444
3445
3445
3445
3446
3446
3447
3448
3448
3448
3449
3449
3450
3450
3451
3451
3451
3451
3452
3452
3453
3454
3455
3455
3455
3456
3456
3456
3457
3457
3457
3458
3458
3458
3459
3459
3460
3460
3460
3461
3461
3462
3462
3462
3462
3463
3463
3464
3464
3465
3465
3465
3466
3466
3466
3467
3468
3469
3469
3470
3470
3471
3471
3471
3472
3472
3473
3473
3474
3474
3475
3475
3476
3476
3477
3477
3478
3479
3479
3480
3480
3481
3481
3482
3483
3483
3484
3484
3484
3485
3486
3486
3487
3487
3487
3488
3488
3489
3489
3490
3490
3490
3491
3492
3493
3493
3494
3494
3497
3497
3497
3497
3498
3498
3499
3499
3499
3500
3500
3500
3500
3501
3501
3501
3502
3503
3503
3504
3504
3505
3505
3505
3506
3506
3507
3507
3507
3508
3508
3509
3509
3510
3511
3511
3512
3512
3513
3513
3514
3514
3515
3516
3516
3517
3518
3518
3518
3518
3519
3519
3520
3520
3520
3521
3521
3521
3521
3522
3522
3522
3523
3524
3524
3525
3525
3526
3526
3527
3528
3528
3529
3530
3532
3532
3533
3533
3534
3534
3535
3535
3535
3536
3537
3537
3539
3539
3540
3540
3540
3541
3541
3542
3542
3543
3544
3544
3545
3546
3546
3546
3546
3546
3547
3547
3547
3548
3548
3548
3549
3549
3549
3549
3550
3550
3550
3550
3551
3551
3552
3552
3553
3553
3554
3554
3554
3555
3556
3556
3556
3557
3558
3558
3560
3560
3560
3561
3561
3561
3561
3562
3562
3562
3563
3563
3563
3563
3564
3564
3564
3565
3565
3565
3566
3566
3567
3567
3568
3568
3569
3569
3570
3570
3570
3571
3571
3572
3572
3572
3573
3574
3574
3575
3575
3575
3576
3576
3577
3577
3578
3578
3579
3579
3579
3580
3581
3581
3582
3582
3583
3583
3584
3584
3585
3585
3586
3587
3588
3588
3588
3588
3588
3589
3589
3589
3590
3590
3591
3591
3591
3592
3592
3592
3592
3593
3593
3594
3595
3595
3596
3596
3597
3597
3598
3598
3598
3599
3600
3601
3602
3602
3603
3603
3603
3604
3604
3604
3605
3605
3605
3606
3606
3607
3607
3607
3608
3608
3609
3609
3610
3610
3610
3611
3612
3612
3612
3613
3614
3614
3616
3616
3616
3617
3617
3618
3618
3619
3619
3619
3620
3621
3621
3622
3622
3623
3623
3623
3623
3624
3624
3625
3625
3625
3626
3626
3626
3626
3627
3627
3627
3628
3629
3629
3630
3630
3631
3631
3631
3632
3632
3632
3633
3633
3633
3634
3635
3635
3636
3636
3637
3637
3638
3638
3639
3639
3639
3640
3640
3641
3641
3642
3642
3643
3643
3644
3644
3645
3645
3646
3647
3647
3648
3649
3651
3651
3652
3652
3652
3653
3653
3653
3654
3654
3654
3655
3656
3656
3657
3657
3658
3658
3659
3659
3659
3660
3660
3661
3661
3662
3663
3663
3664
3665
3665
3666
3666
3667
3667
3668
3668
3669
3670
3670
3671
3672
3672
3672
3673
3673
3673
3673
3674
3674
3675
3675
3675
3675
3676
3676
3677
3677
3677
3678
3679
3679
3679
3680
3680
3680
3681
3682
3682
3682
3682
3683
3683
3684
3684
3686
3686
3687
3687
3688
3688
3689
3689
3689
3690
3691
3692
3693
3693
3694
3694
3695
3696
3696
3697
3698
3700
3700
3701
3701
3701
3702
3702
3703
3703
3703
3704
3704
3704
3705
3705
3705
3706
3706
3707
3707
3708
3708
3709
3709
3710
3710
3710
3711
3712
3713
3714
3714
3715
3715
3715
3716
3716
3717
3717
3718
3719
3719
3720
3721
3721
3721
3722
3722
3723
3724
3724
3724
3725
3725
3726
3728
3728
3729
3729
3729
3730
3731
3731
3732
3732
3733
3733
3735
3735
3736
3736
3736
3737
3737
3737
3738
3738
3738
3739
3740
3740
3741
3741
3742
3742
3742
3743
3744
3744
3745
3745
3746
3746
3746
3748
3749
3749
3749
3750
3750
3751
3751
3752
3752
3753
3753
3754
3755
3756
3756
3757
3757
3758
3759
3759
3760
3761
3763
3763
3764
3764
3765
3766
3766
3767
3768
3770
3770
3771
3771
3772
3773
3773
3774
3775
3777
3777
3778
3778
3779
3780
3780
3781
3782
3784
3784
3785
3785
3785
3786
3787
3787
3788
3788
3789
3789
3791
3791
3792
3792
3792
3793
3793
3794
3794
3795
3796
3796
3797
3798
3798
3798
3799
3799
3799
3800
3800
3801
3801
3801
3802
3802
3803
3803
3804
3805
3805
3806
3806
3806
3807
3808
3808
3809
3809
3810
3811
3812
3812
3813
3813
3814
3815
3815
3816
3816
3817
3817
3818
3819
3819
3820
3820
3820
3821
3822
3822
3823
3823
3823
3824
3824
3825
3825
3826
3826
3827
3827
3828
3828
3829
3829
3830
3830
3831
3832
3833
3833
3834
3834
3835
3835
3836
3836
3837
3837
3838
3839
3840
3840
3841
3841
3841
3841
3842
3842
3843
3843
3844
3844
3845
3845
3845
3846
3847
3847
3848
3848
3849
3850
3850
3851
3852
3854
3854
3854
3854
3855
3856
3856
3857
3857
3858
3858
3858
3860
3861
3861
3861
3861
3862
3862
3863
3863
3863
3864
3864
3864
3864
3865
3865
3865
3866
3867
3867
3868
3868
3869
3869
3869
3870
3870
3871
3871
3871
3872
3872
3872
3873
3873
3874
3874
3875
3875
3876
3876
3877
3877
3878
3878
3878
3879
3880
3881
3882
3882
3883
3883
3884
3884
3885
3885
3886
3887
3887
3888
3889
3889
3890
3890
3890
3891
3891
3892
3892
3893
3894
3894
3895
3896
3896
3897
3897
3898
3899
3899
3900
3900
3901
3901
3902
3903
3903
3904
3904
3905
3906
3906
3907
3908
3910
3910
3910
3911
3911
3911
3911
3912
3912
3912
3913
3913
3913
3914
3914
3915
3915
3915
3916
3916
3917
3917
3918
3918
3919
3919
3920
3920
3920
3921
3922
3923
3924
3924
3925
3925
3925
3926
3926
3926
3927
3927
3927
3928
3929
3929
3930
3930
3931
3931
3931
3931
3932
3933
3933
3933
3934
3934
3934
3935
3935
3935
3937
3937
3938
3938
3939
3939
3940
3940
3941
3941
3942
3943
3943
3944
3945
3945
3945
3946
3947
3948
3948
3949
3949
3952
3952
3953
3953
3953
3953
3954
3954
3955
3955
3956
3956
3957
3957
3957
3958
3959
3959
3960
3960
3961
3961
3962
3962
3963
3963
3964
3965
3966
3966
3967
3967
3968
3968
3969
3969
3969
3970
3971
3972
3973
3973
3974
3974
3975
3976
3976
3977
3978
3980
3980
3980
3981
3981
3982
3982
3983
3983
3983
3983
3984
3984
3985
3986
3987
3987
3988
3988
3989
3990
3990
3991
3991
3992
3992
3993
3994
3994
3995
3995
3996
3996
3997
3997
3998
3998
3998
3999
3999
4000
4000
4001
4001
4002
4002
4003
4004
4004
4005
4005
4006
4006
4007
4008
4008
4009
4009
4010
4011
4011
4011
4012
4012
4013
4013
4014
4015
4015
4016
4016
4016
4016
4017
4017
4018
4018
4018
4019
4020
4020
4020
4021
4022
4022
4022
4023
4023
4023
4024
4024
4025
4025
4025
4026
4026
4027
4027
4028
4029
4029
4030
4030
4030
4031
4031
4032
4032
4032
4033
4033
4034
4034
4035
4036
4036
4037
4037
4038
4039
4039
4040
4041
4043
4043
4044
4044
4044
4045
4046
4046
4046
4047
4048
4048
4050
4050
4051
4051
4051
4052
4053
4053
4053
4054
4055
4055
4057
4057
4058
4058
4059
4059
4060
4060
4060
4061
4061
4061
4062
4062
4063
4063
4064
4064
4064
4065
4065
4066
4066
4067
4067
4068
4068
4069
4070
4071
4071
4071
4072
4072
4073
4073
4074
4074
4074
4075
4075
4075
4076
4077
4078
4078
4079
4079
4079
4080
4080
4081
4081
4082
4083
4083
4084
4085
4085
4086
4086
4087
4088
4088
4089
4090
4092
4092
4093
4093
4094
4095
4095
4096
4096
4097
4097
4098
4099
4099
4099
4100
4100
4101
4101
4102
4102
4102
4102
4103
4103
4104
4105
4106
4106
4107
4107
4107
4108
4108
4109
4109
4110
4111
4111
4112
4113
4113
4114
4114
4115
4115
4116
4116
4116
4117
4118
4119
4120
4120
4121
4121
4122
4122
4123
4123
4124
4124
4125
4126
4127
4127
4128
4128
4128
4128
4129
4129
4130
4130
4130
4131
4132
4132
4132
4133
4134
4134
4134
4135
4135
4136
4136
4137
4137
4137
4137
4138
4138
4139
4140
4141
4141
4141
4142
4142
4142
4143
4144
4144
4145
4145
4146
4146
4148
4148
4148
4149
4149
4149
4150
4150
4150
4151
4151
4152
4152
4153
4153
4154
4154
4155
4155
4156
4156
4157
4158
4158
4159
4160
4162
4162
4163
4163
4164
4165
4165
4165
4166
4166
4167
4167
4168
4169
4169
4170
4170
4171
4172
4172
4172
4173
4173
4174
4174
4175
4176
4176
4177
4177
4177
4178
4178
4179
4179
4180
4180
4181
4181
4181
4182
4183
4183
4183
4184
4184
4185
4185
4186
4186
4186
4187
4188
4188
4190
4190
4191
4191
4191
4192
4192
4193
4193
4194
4195
4195
4196
4197
4197
4198
4198
4199
4199
4200
4200
4200
4201
4202
4203
4204
4204
4205
4205
4205
4206
4206
4207
4207
4207
4208
4208
4209
4209
4210
4211
4211
4212
4212
4213
4213
4214
4214
4215
4215
4216
4217
4218
4218
4218
4219
4220
4221
4221
4222
4222
4225
4225
4226
4226
4227
4228
4228
4229
4230
4232
4232
4232
4233
4233
4234
4235
4235
4236
4236
4236
4237
4237
4238
4238
4239
4239
4240
4240
4240
4241
4241
4241
4242
4242
4243
4243
4244
4244
4245
4245
4246
4246
4247
4247
4247
4248
4248
4249
4249
4250
4251
4251
4252
4253
4253
4254
4254
4255
4256
4256
4257
4258
4260
4260
4261
4261
4262
4262
4263
4263
4264
4264
4265
4266
4267
4267
4268
4268
4269
4270
4270
4271
4272
4274
4274
4274
4275
4276
4277
4277
4278
4278
4281
4281
4282
4282
4283
4284
4284
4285
4286
4288
4288
4289
4289
4290
4291
4291
4292
4292
4293
4293
4294
4295
4295
4295
4296
4296
4296
4297
4297
4298
4298
4298
4299
4299
4300
4300
4301
4302
4302
4302
4302
4303
4304
4304
4304
4305
4305
4305
4306
4306
4306
4308
4308
4309
4309
4310
4310
4310
4311
4312
4312
4312
4313
4314
4314
4316
4316
4317
4317
4317
4318
4318
4319
4319
4320
4321
4321
4322
4323
4323
4323
4324
4325
4325
4326
4326
4326
4327
4327
4329
4330
4330
4331
4331
4332
4332
4333
4333
4334
4334
4335
4336
4337
4337
4338
4338
4339
4340
4340
4341
4342
4344
4344
4345
4345
4346
4347
4347
4348
4349
4351
4351
4351
4352
4353
4354
4354
4355
4355
4358
4358
4359
4359
4360
4361
4361
4362
4363
4365
4365
4366
4366
4367
4368
4368
4369
4370
4372
4372
4373
4373
4373
4374
4375
4375
4375
4376
4376
4377
4377
4377
4378
4379
4379
4379
4379
4380
4381
4381
4381
4382
4382
4382
4383
4383
4383
4385
4385
4386
4386
4386
4387
4388
4389
4389
4390
4390
4393
4393
4394
4394
4394
4395
4396
4396
4397
4397
4398
4399
4400
4400
4401
4401
4402
4403
4403
4404
4405
4407
4407
4408
4408
4409
4409
4410
4410
4410
4411
4412
4413
4414
4414
4415
4415
4415
4416
4416
4417
4417
4418
4419
4419
4420
4421
4421
4422
4422
4423
4424
4424
4425
4426
4428
4428
4428
4429
4429
4429
4430
4430
4431
4431
4431
4432
4432
4433
4433
4434
4435
4435
4436
4436
4437
4438
4438
4439
4440
4442
4442
4442
4443
4443
4443
4443
4444
4444
4445
4445
4446
4446
4447
4447
4447
4448
4449
4449
4450
4450
4451
4452
4452
4453
4454
4456
4456
4457
4457
4458
4458
4459
4459
4460
4460
4461
4462
4463
4463
4463
4464
4465
4466
4466
4467
4467
4470
4470
4470
4471
4472
4473
4473
4474
4474
4477
4477
4478
4478
4479
4480
4480
4481
4482
4484
4484
4485
4485
4486
4486
4487
4487
4488
4489
4489
4490
4491
4491
4492
4492
4492
4493
4494
4494
4495
4495
4496
4497
4498
4498
4499
4499
4499
4499
4500
4500
4501
4501
4502
4502
4503
4503
4503
4504
4505
4505
4506
4506
4507
4508
4508
4509
4510
4512
4512
4513
4513
4514
4515
4515
4516
4517
4519
4519
4520
4520
4521
4522
4522
4523
4524
4526
4526
4527
4527
4528
4529
4529
4530
4531
4533
4533
4534
4534
4534
4535
4535
4535
4536
4537
4537
4538
4538
4540
4540
4540
4541
4541
4541
4542
4543
4543
4544
4544
4545
4545
4547
4547
4548
4548
4548
4548
4549
4549
4550
4550
4550
4551
4552
4552
4552
4553
4554
4554
4555
4555
4556
4557
4557
4558
4559
4561
4561
4562
4562
4562
4563
4563
4563
4564
4564
4564
4565
4566
4566
4567
4567
4568
4568
4569
4569
4570
4571
4571
4572
4573
4575
4575
4576
4576
4577
4578
4578
4579
4580
4582
4582
4583
4583
4583
4584
4584
4585
4585
4586
4587
4587
4588
4589
4589
4590
4590
4591
4592
4592
4593
4594
4596
4596
4597
4597
4598
4599
4599
4600
4601
4603
4603
4604
4604
4605
4606
4606
4607
4608
4610
4610
4610
4611
4611
4612
4613
4613
4613
4614
4614
4615
4617
4617
4617
4618
4618
4619
4619
4620
4620
4621
4621
4622
4623
4624
4624
4624
4624
4625
4626
4626
4626
4627
4627
4627
4628
4628
4628
4630
4630
4631
4631
4632
4632
4633
4634
4634
4635
4636
4638
4638
4639
4639
4640
4641
4641
4642
4643
4645
4645
4646
4646
4647
4648
4648
4649
4650
4652
4652
4653
4653
4653
4654
4654
4655
4655
4656
4657
4657
4658
4659
4659
4659
4660
4660
4661
4661
4662
4662
4662
4663
4663
4664
4664
4665
4666
4666
4667
4667
4668
4669
4669
4670
4671
4673
4673
4674
4674
4674
4675
4675
4675
4676
4676
4676
4677
4678
4678
4679
4679
4680
4680
4681
4681
4682
4683
4683
4684
4685
4687
4687
4688
4688
4689
4690
4690
4691
4692
4694
4694
4695
4695
4695
4696
4696
4697
4697
4698
4699
4699
4700
4701
4701
4702
4702
4703
4703
4704
4704
4705
4705
4706
4707
4708
4708
4709
4709
4709
4710
4710
4711
4711
4712
4713
4713
4714
4715
4715
4715
4716
4717
4718
4718
4719
4719
4722
4722
4723
4723
4724
4725
4725
4726
4727
4729
4729
4730
4730
4731
4732
4732
4733
4734
4736
4736
4737
4737
4737
4738
4739
4739
4739
4740
4741
4741
4743
4743
4744
4744
4744
4745
4745
4746
4746
4747
4748
4748
4749
4750
4750
4751
4751
4752
4753
4753
4754
4755
4757
4757
4758
4758
4759
4760
4760
4761
4762
4764
4764
4765
4765
4766
4767
4767
4768
4769
4771
4771
4772
4772
4773
4774
4774
4775
4776
4778
4778
4779
4779
4780
4781
4781
4782
4783
4785
4785
4785
4786
4787
4788
4788
4789
4789
4792
4792
4792
4793
4794
4794
4795
4795
4796
4796
4796
4798
4799
4799
4800
4800
4801
4802
4802
4803
4804
4806
4806
4806
4806
4807
4808
4808
4808
4809
4809
4809
4810
4810
4810
4812
4812
4813
4813
4814
4814
4815
4816
4816
4817
4818
4820
4820
4821
4821
4821
4822
4823
4823
4823
4823
4824
4824
4825
4825
4825
4826
4827
4827
4828
4828
4828
4829
4829
4830
4830
4831
4832
4832
4833
4834
4834
4835
4835
4835
4836
4837
4837
4837
4838
4839
4839
4841
4841
4842
4842
4842
4843
4843
4844
4844
4845
4846
4846
4847
4848
4848
4848
4849
4849
4849
4850
4850
4851
4852
4852
4853
4855
4855
4855
4856
4857
4858
4858
4859
4859
4862
4862
4863
4863
4864
4865
4865
4866
4867
4869
4869
4869
4870
4870
4870
4870
4871
4871
4872
4872
4873
4873
4874
4874
4874
4875
4876
4876
4876
4877
4878
4879
4879
4880
4880
4883
4883
4884
4884
4884
4885
4885
4886
4886
4887
4888
4888
4889
4890
4890
4890
4891
4892
4893
4893
4894
4894
4897
4897
4898
4898
4899
4900
4900
4901
4902
4904
4904
4904
4905
4906
4907
4907
4908
4908
4911
4911
4911
4912
4913
4914
4914
4915
4915
4918
4918
4919
4919
4920
4921
4921
4922
4923
4925
4925
4926
4926
4927
4928
4928
4929
4930
4932
4932
4933
4933
4934
4934
4935
4936
4937
4939
4939
4939
4940
4941
4942
4942
4943
4943
4946
4946
4947
4947
4948
4948
4949
4950
4951
4953
4953
4954
4954
4955
4955
4956
4957
4958
620
628
2
645
648
5
6
669
677
683
691
699
706
712
719
725
733
741
747
753
762
768
776
781
788
795
802
809
817
824
830
837
845
852
34
865
36
37
888
894
40
909
915
921
929
937
943
950
48
964
50
977
985
53
998
1005
1013
1020
58
1033
1041
1048
1055
1065
1071
1077
1082
1089
1096
1103
1110
1117
72
1133
1140
75
1156
77
1167
79
1180
81
1194
1205
1209
1215
1222
1229
1237
1245
1252
1259
1266
1271
1278
1286
1294
97
98
1315
1322
1327
1338
1343
1349
105
1366
1373
1380
1384
1392
1399
1404
113
114
1427
116
1441
1446
1455
1462
121
1477
1481
1488
1498
1502
1511
1517
1525
1530
131
1546
133
1560
1567
136
1579
138
1595
1602
1609
1614
143
1630
1635
146
1649
1656
1665
1670
1677
1684
1692
154
1707
1715
1719
158
159
1744
1747
1754
1761
1768
1775
166
1791
1796
1804
1812
171
1824
1833
1838
175
1854
177
178
1874
180
181
182
1901
1910
185
1922
1929
188
1943
1954
191
192
193
194
1987
196
197
198
2013
2023
2030
2034
2043
2050
205
2064
2071
2078
209
2090
211
2106
2113
2120
215
2132
2141
218
2156
2160
2167
2175
2183
2188
225
2204
2209
228
2225
230
2237
232
2254
2260
2267
2274
2279
238
239
2300
2308
242
2321
244
245
2342
247
2357
2364
2370
251
2386
253
2400
2405
2413
2421
2426
2435
260
2447
2454
2462
2468
2475
2482
2490
268
2505
2512
2518
2526
2531
2538
2547
2554
277
2568
2574
280
2587
282
2601
2608
2617
2622
2631
2636
2643
2652
2659
2664
2672
294
2687
2692
2700
2706
2714
2720
301
2736
2743
304
2757
2762
2771
2777
309
2792
311
2807
313
2820
2826
2834
2839
2846
319
320
321
322
323
324
325
326
327
2917
329
2931
2939
2946
333
2959
2967
2972
337
2986
2993
340
341
3014
3021
3030
3035
346
3049
3056
3063
350
351
352
353
3101
3105
3112
3120
3128
3133
3140
3147
3154
363
3169
3177
3184
3190
3197
3204
370
3217
372
3231
3239
3248
3255
3259
3266
3273
380
3289
3294
383
384
385
386
387
388
3343
390
3358
3367
3372
3379
395
396
3399
398
399
3420
401
3435
3441
3450
405
3462
407
3477
3483
3490
3497
3504
3511
3519
3526
3535
417
3547
419
420
3570
422
423
3589
3596
3603
3610
3618
429
3630
431
432
3652
3658
3665
436
437
3686
439
440
3707
442
443
3728
3735
446
447
3759
3763
3770
451
3784
3791
454
455
3813
457
458
459
460
3847
3854
3863
3869
3875
466
467
3897
469
3910
3917
3924
3932
474
475
3952
477
3966
3975
3980
3990
482
483
4011
485
486
4029
4036
489
490
491
492
4072
4079
4085
4095
497
498
4113
500
4127
4134
4142
504
4158
506
507
4176
4186
510
4197
4204
513
514
4228
4235
4239
4246
4254
520
4267
4274
523
4288
4295
4302
527
4316
4323
530
531
532
4351
534
535
536
4381
538
539
540
4408
4414
543
4429
4436
4442
4449
548
4463
4471
551
552
553
4498
4505
4512
4519
4526
559
560
4547
4554
4561
564
4576
566
567
4596
4603
570
4617
4625
573
4638
4645
4652
4659
578
579
4680
4687
4694
583
4708
4715
4724
4731
588
589
590
4757
4765
4771
594
4785
596
4799
4807
599
600
4827
4835
4841
604
605
4863
607
4876
4884
610
4897
4905
613
614
4926
616
617
4947
4954
624
623
0
627
629
1
636
634
635
3
641
644
649
4
650
655
657
656
664
663
662
670
7
671
676
678
8
684
9
685
10
692
690
11
698
697
705
707
12
13
711
713
718
720
14
726
15
727
732
734
16
740
739
17
746
748
18
755
19
754
761
20
760
21
767
769
22
775
774
783
23
782
789
24
790
797
796
25
803
804
26
813
812
27
816
818
28
823
29
825
832
30
831
839
31
838
844
32
846
851
33
853
860
859
858
866
867
35
873
874
872
879
881
880
887
38
886
893
895
39
901
900
902
908
41
907
42
916
914
922
923
43
44
930
928
936
45
935
46
944
942
47
951
949
956
958
957
963
965
49
971
970
972
51
978
979
52
986
984
993
992
991
999
1000
54
55
1007
1006
1012
1014
56
1019
57
1021
1030
1029
1026
1034
1035
59
1040
1042
60
1047
61
1049
1056
1054
62
63
1061
1064
1069
64
1072
1076
1075
65
1084
1083
66
67
1091
1090
1097
68
1098
1104
1105
69
70
1112
1111
1119
71
1118
1125
1126
1124
73
1131
1132
74
1138
1139
1145
1147
1146
76
1152
1155
1160
1161
1159
78
1168
1166
1176
1175
1174
1181
80
1182
1189
1188
1187
82
1196
1195
83
1201
1204
1210
84
1208
1216
1217
85
1223
1224
86
1231
1230
87
1238
88
1236
1243
89
1244
1251
90
1250
91
1257
1258
1264
92
1265
1273
1272
93
94
1280
1279
1285
1287
95
96
1292
1293
1299
1301
1300
1308
1307
1306
1314
99
1313
100
1320
1321
1329
1328
101
102
1334
1337
1342
103
1341
1350
104
1348
1357
1356
1355
106
1362
1365
1372
107
1369
108
1376
1379
1385
1383
109
1390
110
1391
1397
111
1398
1406
1405
112
1411
1413
1412
1418
1420
1419
115
1428
1426
1432
1433
1434
1440
1439
117
118
1448
1447
119
1453
1454
1461
1460
120
1468
1469
1467
122
1474
1478
1482
1483
123
1490
1489
124
125
1495
1499
1504
1503
126
127
1509
1510
128
1518
1516
129
1523
1524
1534
1533
130
1538
1539
1537
1545
1544
132
1552
1551
1553
1558
134
1559
135
1565
1566
1573
1574
1572
137
1581
1580
1586
1588
1587
139
1593
1594
140
1600
1601
1608
1607
141
142
1616
1615
1624
1623
1622
1629
1628
144
1637
145
1636
1643
1644
1642
1650
1651
147
148
1658
1657
149
1663
1664
1671
1672
150
1678
1679
151
1685
1686
152
1691
1693
153
1700
1699
1698
1705
155
1706
1716
156
1713
1720
1721
157
1729
1730
1727
1737
1736
1733
1743
160
1741
161
1750
1751
1755
1756
162
1764
1765
163
1769
1770
164
1779
1778
165
1782
1784
1783
1790
1789
167
1799
1800
168
1805
1803
169
1810
170
1811
1818
1819
1817
1828
1827
172
1832
1831
173
1841
1842
174
1845
1847
1846
1853
1852
176
1859
1860
1861
1869
1870
1866
1873
1875
179
1884
1883
1880
1888
1889
1887
1897
1898
1894
1902
1903
183
1908
184
1909
1917
1916
1915
186
1926
1925
187
1931
1930
1937
1938
1936
189
1945
1944
1950
190
1953
1958
1959
1957
1965
1966
1964
1975
1974
1972
1979
1980
1978
1986
195
1985
1993
1994
1992
2000
1999
2001
2007
2008
2006
2017
2016
199
2020
200
2024
2028
201
2029
2035
2036
202
2041
203
2042
2048
204
2049
2055
2057
2056
2062
206
2063
2069
207
2070
2076
208
2077
2083
2084
2085
2092
210
2091
2097
2099
2098
2105
212
2104
213
2111
2112
2118
214
2119
2126
2127
2125
2134
216
2133
2140
217
2139
2148
2147
2146
2154
219
2157
2163
2164
220
2168
2169
221
222
2174
2176
2181
223
2182
224
2192
2191
2196
2197
2195
226
2203
2202
2213
2212
227
2216
2218
2217
2224
2223
229
2231
2232
2230
2238
2239
231
2244
2248
2247
2252
233
2255
2259
234
2258
2266
235
2265
2272
2273
236
237
2282
2283
2286
2288
2287
2294
2295
2293
2303
2304
240
241
2307
2309
2315
2317
2316
243
2323
2322
2329
2330
2328
2336
2337
2335
2343
2344
246
2349
2353
2352
2356
2358
248
249
2367
2366
2372
2371
250
2377
2379
2378
2384
252
2385
2391
2393
2392
2398
254
2399
2409
2408
255
256
2414
2412
257
2419
2420
258
2428
2427
2434
259
2433
2440
2441
2442
2449
261
2448
262
2456
2455
263
2465
2464
2470
264
2469
2479
2478
265
266
2483
2484
2491
267
2489
2499
2500
2496
269
2503
2504
2511
270
2510
271
2517
2519
272
2524
2525
2532
2533
273
2541
2542
274
275
2545
2546
276
2552
2553
2561
2560
2559
278
2566
2567
2575
279
2573
2583
2584
2580
2588
2589
281
2597
2598
2594
283
2602
2603
284
2610
2609
2616
285
2615
286
2624
2623
2630
287
2629
288
2638
2637
2645
2644
289
2650
290
2651
2658
291
2657
292
2667
2668
2673
2671
293
2678
2682
2681
2686
2685
295
296
2696
2695
297
2699
2701
2709
2710
298
2713
2715
299
300
2723
2724
2730
2731
2727
2734
302
2735
2742
303
2741
2751
2752
2748
2755
305
2756
306
2765
2766
307
2769
2770
2778
308
2776
2783
2785
2784
2791
310
2790
2798
2799
2797
2808
312
2804
2812
2815
2814
2818
314
2819
2827
315
2825
316
2832
2833
2840
2841
317
318
2848
2847
2853
2856
2857
2860
2863
2864
2867
2870
2871
2874
2877
2878
2881
2885
2884
2888
2892
2891
2895
2899
2898
2902
2906
2905
2909
2913
2912
328
2919
2920
2923
2926
2927
2930
330
2932
2937
331
2938
2944
332
2945
2952
2953
2951
2960
2958
334
2965
335
2966
336
2973
2974
2980
2981
2979
338
2988
2987
339
2995
2994
3001
3002
3000
3008
3011
3010
342
3017
3018
343
3023
3022
3028
344
3029
3036
3037
345
3042
3044
3043
347
3051
3050
3057
3058
348
3064
3065
349
3070
3074
3073
3077
3079
3078
3084
3085
3086
3091
3093
3092
3098
354
3102
355
3107
3106
356
3114
3113
3121
357
3119
3127
358
3126
3134
3135
359
360
3142
3141
361
3149
3148
362
3156
3155
3163
3162
3161
364
3172
3171
3180
3176
365
3187
3183
366
3191
3192
367
3196
3198
368
369
3203
3205
3211
3210
3212
3218
3219
371
3225
3226
3224
3232
3233
373
3240
374
3238
375
3246
3249
376
3253
3256
377
3261
3260
378
3268
3267
3274
3275
379
3280
3282
3281
3288
381
3287
3295
3296
382
3301
3303
3302
3309
3310
3308
3317
3316
3315
3323
3324
3322
3331
3330
3329
3338
3337
3336
389
3345
3344
3352
3350
3351
391
3357
3359
3368
392
3364
393
3371
3373
3382
3381
394
3387
3385
3386
3392
3394
3393
397
3401
3400
3407
3408
3406
3415
3413
3414
3421
3422
400
3428
3429
3427
3436
3434
402
3442
3443
403
404
3449
3448
3455
3457
3456
3463
406
3464
3469
3471
3470
3480
3479
408
3486
3487
409
3491
410
3492
3498
411
3499
412
3506
3505
413
3513
3512
3518
3520
414
3525
415
3527
3532
416
3536
3541
3540
3539
418
3548
3546
3556
3557
3553
3560
3562
3561
3567
421
3571
3576
3575
3574
3582
3583
3581
3588
3590
424
3595
425
3597
3602
426
3604
3611
3609
427
3617
428
3619
3625
3623
3624
430
3632
3631
3637
3639
3638
3648
3647
3644
3653
433
3651
434
3660
3659
435
3667
3666
3673
3674
3672
3680
3681
3679
3687
3688
438
3694
3695
3693
3700
3704
3703
441
3709
3708
3714
3716
3715
3723
3721
3722
444
3730
3729
3736
3737
445
3744
3742
3743
3749
3751
3750
3760
448
3756
449
3765
3764
3771
3772
450
3778
3779
3777
452
3786
3785
3793
3792
453
3798
3800
3799
3809
3808
3805
456
3815
3816
3819
3822
3823
3826
3828
3827
3833
3835
3834
3840
3841
3842
3848
3849
461
3855
462
3856
3861
3862
463
3872
3871
464
465
3877
3876
3883
3884
3882
3889
3891
3890
3899
3900
468
3904
3905
3903
470
3912
3911
471
3919
3918
3925
3926
472
473
3933
3931
3938
3940
3939
3947
3945
3946
3953
3954
476
3959
3961
3960
478
3968
3967
3974
3973
479
3982
480
3981
481
3987
3991
3994
3998
3997
4001
4004
4005
4012
484
4008
4015
4017
4016
4023
4024
4022
487
4031
4030
4037
4038
488
4046
4047
4043
4050
4054
4053
4057
4061
4060
4064
4066
4065
4071
4073
493
494
4078
4080
4086
4087
495
4096
496
4092
4099
4100
4101
4107
4108
4106
4114
4115
499
4120
4122
4121
501
4128
4129
4136
502
4135
4143
503
4141
4148
4150
4149
4159
505
4155
4162
4166
4165
4172
4173
4169
4177
4178
508
4187
509
4183
4191
4192
4190
4198
4199
511
512
4205
4206
4212
4213
4211
4219
4218
4220
515
4225
4229
4233
516
4236
517
4240
4241
518
4247
4248
4255
4253
519
4260
4262
4261
521
4268
4269
4275
522
4276
4284
4285
4281
4291
4292
524
525
4296
4297
4303
526
4304
4310
4311
4309
528
4317
4318
4324
529
4325
4331
4332
4330
4337
4338
4339
4344
4346
4345
4352
533
4353
4361
4362
4358
4366
4367
4365
4375
4376
4372
4379
4380
537
4388
4386
4387
4393
4396
4397
4400
4402
4401
4409
541
4407
542
4416
4415
4421
4423
4422
544
4428
4430
4435
545
4437
4443
4444
546
547
4451
4450
4456
4458
4457
4465
549
4464
550
4472
4470
4478
4479
4477
4485
4486
4484
4495
4494
4491
4499
4500
554
4506
4507
555
556
4514
4513
4521
4520
557
4527
4528
558
4536
4535
4534
4542
4541
4540
4549
4548
561
562
4556
4555
4562
4563
563
4569
4570
4568
565
4575
4577
4582
4584
4583
4590
4591
4589
4597
4598
568
4604
4605
569
4611
4610
4612
4619
4618
571
572
4626
4624
4631
4633
4632
574
4640
4639
4647
4646
575
4653
4654
576
577
4660
4661
4667
4668
4666
4673
4674
4675
4682
4681
580
4688
4689
581
582
4696
4695
4701
4703
4702
4710
4709
584
4716
585
4717
586
4722
4723
587
4729
4730
4736
4740
4739
4743
4745
4744
4751
4752
4750
591
4759
4758
4766
4764
592
4772
4773
593
4778
4780
4779
4786
595
4787
4793
4792
4794
597
4800
4801
4806
4808
598
4813
4814
4815
4823
4824
4820
4829
4828
601
602
4834
4836
603
4843
4842
4851
4850
4849
4856
4855
4857
4864
4862
606
4871
4870
4869
4877
608
4878
4885
4883
609
4891
4890
4892
611
4899
4898
612
4906
4904
4913
4911
4912
4920
4919
4918
4928
4929
615
4934
4935
4933
4941
4939
4940
4951
4948
618
619
4955
4958
620
3
809
63
76
83
102
106
1369
108
122
125
1530
1761
2160
2475
481
482
483
4008
4183
515
4947
4954
0
621
622
642
643
641
27
810
811
1062
1063
1061
1153
1154
1152
1202
1203
1201
1335
1336
1334
1363
1364
1362
107
1370
1371
1377
1378
1376
1475
1476
1474
1496
1497
1495
130
1531
1532
163
1762
1763
220
2161
2162
265
2476
2477
3988
3989
3987
3995
3996
3994
4002
4003
4001
484
4009
4010
509
4184
4185
4226
4227
4225
618
4946
4949
4956
4953
619
232
247
294
2804
350
365
440
3756
457
490
491
4155
506
539
588
619
2245
2246
2244
2350
2351
2349
2679
2680
2678
312
2805
2806
3071
3072
3070
3176
3178
3175
3701
3702
3700
448
3757
3758
3820
3821
3819
4051
4052
4050
4058
4059
4057
505
4156
4157
4163
4164
4162
4394
4395
4393
4737
4738
4736
4953
4957
4955
1775
1796
1824
1838
2013
2209
2300
2405
2538
319
320
321
322
323
324
325
326
327
2917
329
3177
3364
4092
4288
165
1776
1777
168
1797
1798
172
1825
1826
174
1839
1840
199
2014
2015
227
2210
2211
240
2301
2302
255
2406
2407
274
2539
2540
2854
2855
2853
2861
2862
2860
2868
2869
2867
2875
2876
2874
2882
2883
2881
2889
2890
2888
2896
2897
2895
2903
2904
2902
2910
2911
2909
2918
2916
328
2924
2925
2923
365
3175
3179
392
3365
3366
496
4093
4094
524
4289
4290
58
178
180
1950
268
304
3098
3184
419
432
455
489
507
553
600
618
1026
1028
1027
1866
1868
1867
1880
1882
1881
1952
1951
190
2496
2498
2497
2748
2750
2749
3100
3099
354
366
3182
3186
3553
3555
3554
3644
3646
3645
3805
3807
3806
4043
4045
4044
4169
4171
4170
4491
4493
4492
4820
4822
4821
4948
4950
4946
622
632
637
647
652
658
665
673
681
687
695
703
709
716
723
729
737
745
751
757
766
772
780
785
792
799
806
811
821
828
834
841
849
856
861
869
875
882
892
898
903
913
919
925
933
941
947
954
959
968
973
981
989
994
1002
1009
1017
1024
1027
1037
1045
1052
1059
1067
1073
1081
1086
1093
1100
1107
1114
1121
1127
1137
1144
1148
1158
1162
1171
1173
1184
1190
1198
1207
1213
1219
1226
1233
1241
1249
1256
1263
1270
1275
1282
1290
1298
1302
1309
1319
1326
1331
1340
1347
1353
1358
1368
1375
1382
1388
1396
1403
1408
1414
1421
1430
1435
1445
1450
1459
1466
1470
1479
1485
1492
1500
1506
1515
1521
1529
1532
1540
1550
1554
1564
1571
1575
1583
1589
1599
1606
1613
1618
1621
1634
1639
1645
1653
1660
1669
1674
1681
1688
1696
1701
1711
1717
1723
1726
1734
1746
1749
1758
1763
1772
1777
1785
1795
1798
1808
1816
1820
1826
1837
1840
1848
1858
1862
1867
1878
1881
1890
1895
1905
1914
1918
1924
1933
1939
1947
1956
1960
1967
1971
1981
1991
1995
2002
2009
2015
2025
2033
2038
2047
2054
2058
2068
2075
2082
2086
2094
2100
2110
2117
2124
2128
2136
2145
2149
2158
2162
2171
2179
2187
2190
2198
2208
2211
2219
2229
2233
2241
2245
2256
2264
2271
2278
2281
2289
2296
2302
2312
2314
2325
2331
2338
2346
2350
2361
2365
2374
2380
2390
2394
2404
2407
2417
2425
2430
2439
2443
2451
2458
2463
2472
2477
2486
2494
2497
2509
2516
2522
2530
2535
2540
2551
2558
2562
2572
2578
2581
2591
2595
2605
2612
2621
2626
2635
2640
2647
2656
2663
2666
2676
2679
2691
2694
2704
2708
2718
2722
2728
2740
2747
2749
2761
2764
2775
2781
2786
2796
2800
2809
2811
2824
2830
2838
2843
2850
2854
2861
2868
2875
2882
2889
2896
2903
2910
2918
2924
2935
2943
2950
2954
2963
2971
2976
2982
2990
2997
3003
3007
3016
3025
3034
3039
3045
3053
3060
3067
3071
3080
3087
3094
3103
3109
3116
3124
3132
3137
3144
3151
3158
3164
3170
3179
3186
3193
3201
3208
3213
3221
3227
3235
3243
3250
3257
3263
3270
3277
3283
3293
3298
3304
3311
3318
3325
3332
3339
3347
3353
3362
3369
3376
3380
3388
3395
3403
3409
3416
3424
3430
3439
3445
3454
3458
3466
3472
3478
3485
3494
3501
3508
3515
3523
3530
3537
3542
3551
3554
3563
3572
3577
3584
3593
3600
3607
3614
3621
3626
3634
3640
3645
3656
3662
3669
3675
3682
3690
3696
3701
3711
3717
3724
3732
3739
3745
3752
3761
3767
3774
3780
3788
3795
3801
3806
3814
3820
3829
3836
3843
3851
3858
3867
3870
3879
3885
3892
3898
3906
3914
3921
3928
3936
3941
3948
3956
3962
3970
3979
3984
3992
3995
4002
4013
4018
4025
4033
4040
4044
4051
4058
4067
4076
4083
4089
4097
4102
4109
4117
4123
4131
4138
4146
4151
4160
4163
4170
4180
4188
4193
4201
4208
4214
4221
4230
4237
4243
4250
4258
4263
4271
4278
4282
4290
4299
4306
4312
4320
4327
4333
4340
4347
4355
4359
4368
4373
4385
4389
4394
4403
4412
4418
4424
4433
4440
4446
4453
4459
4467
4475
4480
4487
4492
4502
4509
4516
4523
4530
4533
4543
4551
4558
4565
4571
4580
4585
4592
4600
4607
4613
4621
4629
4634
4642
4649
4656
4663
4669
4676
4684
4691
4698
4704
4712
4719
4728
4735
4737
4746
4753
4761
4769
4775
4781
4789
4795
4803
4811
4816
4821
4831
4839
4845
4848
4858
4867
4872
4880
4888
4893
4901
4909
4914
4921
4927
4932
4942
4949
4956
621
625
626
630
633
631
639
638
640
646
643
642
654
651
653
660
661
659
666
667
668
675
672
674
679
682
680
689
686
688
694
696
693
701
702
700
704
710
708
717
715
714
721
724
722
731
728
730
735
738
736
742
743
744
749
752
750
758
756
759
764
763
765
773
771
770
778
779
777
786
784
787
794
791
793
798
800
801
805
808
807
810
814
815
819
822
820
829
826
827
835
833
836
842
840
843
850
847
848
857
854
855
862
863
864
868
871
870
876
878
877
884
885
883
890
889
891
896
899
897
906
904
905
911
910
912
918
920
917
924
927
926
932
934
931
939
938
940
946
948
945
953
955
952
961
962
960
966
969
967
976
974
975
983
982
980
988
990
987
995
996
997
1001
1004
1003
1010
1011
1008
1015
1018
1016
1025
1022
1023
1028
1031
1032
1036
1039
1038
1043
1046
1044
1053
1050
1051
1057
1058
1060
1066
1063
1062
1074
1068
1070
1078
1079
1080
1085
1087
1088
1094
1095
1092
1102
1099
1101
1106
1109
1108
1115
1116
1113
1122
1120
1123
1128
1130
1129
1136
1135
1134
1143
1142
1141
1150
1151
1149
1157
1154
1153
1163
1165
1164
1170
1172
1169
1177
1178
1179
1186
1183
1185
1191
1192
1193
1199
1200
1197
1206
1203
1202
1212
1211
1214
1218
1221
1220
1225
1228
1227
1232
1234
1235
1240
1239
1242
1248
1246
1247
1254
1253
1255
1262
1261
1260
1269
1267
1268
1274
1276
1277
1283
1284
1281
1288
1291
1289
1297
1296
1295
1304
1305
1303
1310
1311
1312
1317
1316
1318
1325
1324
1323
1330
1332
1333
1339
1336
1335
1345
1344
1346
1352
1351
1354
1359
1360
1361
1367
1364
1363
1371
1370
1374
1381
1378
1377
1386
1387
1389
1395
1393
1394
1402
1400
1401
1407
1409
1410
1416
1417
1415
1423
1424
1422
1429
1431
1425
1438
1437
1436
1442
1443
1444
1451
1452
1449
1458
1457
1456
1463
1464
1465
1471
1473
1472
1480
1476
1475
1484
1487
1486
1491
1493
1494
1501
1497
1496
1505
1507
1508
1514
1513
1512
1520
1522
1519
1528
1527
1526
1531
1535
1536
1541
1543
1542
1547
1548
1549
1557
1555
1556
1563
1561
1562
1570
1569
1568
1576
1578
1577
1584
1585
1582
1591
1592
1590
1598
1597
1596
1605
1604
1603
1610
1611
1612
1619
1620
1617
1625
1626
1627
1631
1632
1633
1640
1638
1641
1646
1648
1647
1652
1655
1654
1661
1662
1659
1668
1667
1666
1673
1676
1675
1680
1683
1682
1687
1690
1689
1694
1697
1695
1702
1703
1704
1710
1708
1709
1714
1712
1718
1722
1725
1724
1728
1732
1731
1735
1738
1739
1742
1740
1745
1753
1752
1748
1757
1760
1759
1762
1767
1766
1771
1774
1773
1776
1780
1781
1787
1788
1786
1792
1793
1794
1797
1802
1801
1806
1807
1809
1815
1813
1814
1821
1823
1822
1825
1829
1830
1834
1835
1836
1839
1844
1843
1850
1851
1849
1855
1856
1857
1865
1864
1863
1868
1872
1871
1876
1879
1877
1882
1885
1886
1891
1893
1892
1896
1900
1899
1904
1907
1906
1913
1911
1912
1919
1920
1921
1927
1928
1923
1934
1935
1932
1940
1942
1941
1948
1949
1946
1955
1951
1952
1961
1963
1962
1968
1970
1969
1973
1976
1977
1982
1984
1983
1989
1988
1990
1996
1998
1997
2005
2003
2004
2010
2012
2011
2014
2018
2019
2026
2021
2022
2032
2027
2031
2037
2040
2039
2046
2044
2045
2053
2051
2052
2060
2061
2059
2067
2065
2066
2074
2072
2073
2081
2079
2080
2089
2088
2087
2095
2093
2096
2102
2103
2101
2108
2107
2109
2116
2115
2114
2123
2121
2122
2129
2131
2130
2137
2135
2138
2143
2142
2144
2150
2151
2152
2159
2153
2155
2161
2166
2165
2170
2173
2172
2180
2178
2177
2186
2184
2185
2193
2194
2189
2199
2201
2200
2206
2207
2205
2210
2214
2215
2221
2222
2220
2226
2227
2228
2234
2236
2235
2240
2243
2242
2249
2250
2246
2257
2251
2253
2262
2261
2263
2269
2268
2270
2275
2277
2276
2285
2284
2280
2291
2292
2290
2297
2299
2298
2301
2306
2305
2313
2311
2310
2319
2320
2318
2326
2327
2324
2332
2334
2333
2339
2341
2340
2345
2348
2347
2354
2355
2351
2359
2362
2360
2368
2369
2363
2373
2375
2376
2382
2383
2381
2389
2387
2388
2396
2397
2395
2403
2401
2402
2406
2410
2411
2416
2418
2415
2424
2423
2422
2431
2432
2429
2437
2436
2438
2446
2445
2444
2452
2450
2453
2459
2460
2457
2466
2467
2461
2473
2471
2474
2476
2480
2481
2488
2487
2485
2493
2492
2495
2498
2502
2501
2508
2507
2506
2514
2513
2515
2523
2521
2520
2529
2528
2527
2534
2537
2536
2539
2544
2543
2550
2549
2548
2557
2556
2555
2563
2564
2565
2571
2570
2569
2577
2576
2579
2582
2586
2585
2590
2593
2592
2596
2600
2599
2607
2606
2604
2613
2614
2611
2619
2618
2620
2627
2628
2625
2633
2632
2634
2641
2642
2639
2646
2648
2649
2655
2653
2654
2661
2660
2662
2670
2669
2665
2674
2675
2677
2683
2684
2680
2688
2689
2690
2697
2698
2693
2705
2703
2702
2707
2712
2711
2716
2719
2717
2726
2725
2721
2729
2733
2732
2739
2737
2738
2745
2744
2746
2750
2754
2753
2760
2758
2759
2768
2767
2763
2774
2773
2772
2780
2779
2782
2788
2789
2787
2794
2793
2795
2801
2803
2802
2806
2805
2810
2816
2817
2813
2823
2821
2822
2829
2828
2831
2837
2836
2835
2842
2845
2844
2851
2852
2849
2859
2858
2855
2866
2865
2862
2873
2872
2869
2880
2879
2876
2886
2887
2883
2893
2894
2890
2900
2901
2897
2907
2908
2904
2914
2915
2911
2922
2921
2916
2929
2928
2925
2936
2933
2934
2942
2940
2941
2949
2947
2948
2955
2957
2956
2961
2962
2964
2970
2968
2969
2978
2977
2975
2983
2985
2984
2991
2992
2989
2998
2999
2996
3004
3006
3005
3012
3013
3009
3020
3019
3015
3026
3027
3024
3033
3031
3032
3038
3041
3040
3047
3048
3046
3054
3055
3052
3059
3062
3061
3066
3069
3068
3075
3076
3072
3082
3083
3081
3090
3089
3088
3096
3097
3095
3104
3099
3100
3110
3111
3108
3117
3118
3115
3123
3122
3125
3130
3129
3131
3136
3139
3138
3145
3146
3143
3152
3153
3150
3159
3160
3157
3165
3166
3167
3173
3174
3168
3175
3178
3181
3182
3185
3188
3189
3195
3194
3199
3202
3200
3209
3207
3206
3216
3214
3215
3220
3223
3222
3228
3230
3229
3234
3237
3236
3242
3241
3244
3251
3247
3245
3258
3254
3252
3264
3265
3262
3271
3272
3269
3276
3279
3278
3285
3286
3284
3291
3290
3292
3297
3300
3299
3306
3307
3305
3312
3314
3313
3319
3320
3321
3326
3328
3327
3333
3334
3335
3340
3341
3342
3348
3349
3346
3355
3354
3356
3363
3361
3360
3366
3365
3370
3377
3375
3374
3378
3383
3384
3390
3389
3391
3397
3398
3396
3404
3405
3402
3410
3412
3411
3418
3417
3419
3423
3426
3425
3431
3433
3432
3437
3438
3440
3444
3447
3446
3452
3453
3451
3460
3461
3459
3468
3465
3467
3474
3475
3473
3476
3481
3482
3484
3489
3488
3496
3493
3495
3503
3500
3502
3509
3510
3507
3516
3517
3514
3521
3524
3522
3531
3528
3529
3538
3533
3534
3543
3544
3545
3550
3552
3549
3555
3559
3558
3565
3566
3564
3573
3568
3569
3578
3579
3580
3585
3587
3586
3591
3594
3592
3601
3598
3599
3608
3605
3606
3612
3613
3615
3622
3616
3620
3628
3627
3629
3635
3636
3633
3642
3643
3641
3646
3649
3650
3655
3654
3657
3663
3664
3661
3670
3671
3668
3676
3678
3677
3683
3685
3684
3689
3692
3691
3697
3699
3698
3705
3706
3702
3712
3713
3710
3719
3720
3718
3726
3725
3727
3733
3734
3731
3738
3741
3740
3747
3746
3748
3754
3755
3753
3758
3757
3762
3768
3769
3766
3773
3776
3775
3781
3783
3782
3789
3790
3787
3794
3796
3797
3803
3804
3802
3807
3810
3811
3818
3817
3812
3825
3824
3821
3831
3832
3830
3838
3839
3837
3846
3845
3844
3850
3853
3852
3860
3857
3859
3864
3866
3865
3868
3873
3874
3880
3881
3878
3886
3888
3887
3894
3895
3893
3896
3902
3901
3907
3909
3908
3915
3916
3913
3922
3923
3920
3927
3930
3929
3935
3937
3934
3943
3944
3942
3950
3949
3951
3955
3958
3957
3964
3965
3963
3971
3972
3969
3976
3977
3978
3985
3983
3986
3993
3989
3988
3999
4000
3996
4007
4006
4003
4010
4009
4014
4020
4021
4019
4026
4028
4027
4034
4035
4032
4039
4042
4041
4045
4049
4048
4055
4056
4052
4062
4063
4059
4069
4070
4068
4074
4077
4075
4084
4082
4081
4088
4091
4090
4094
4093
4098
4105
4104
4103
4110
4112
4111
4116
4119
4118
4125
4126
4124
4133
4132
4130
4139
4137
4140
4145
4144
4147
4153
4154
4152
4157
4156
4161
4167
4168
4164
4171
4175
4174
4179
4182
4181
4185
4184
4189
4194
4196
4195
4200
4203
4202
4210
4209
4207
4215
4217
4216
4224
4222
4223
4231
4227
4226
4238
4232
4234
4245
4244
4242
4252
4251
4249
4256
4257
4259
4265
4266
4264
4273
4272
4270
4280
4277
4279
4283
4287
4286
4289
4294
4293
4301
4300
4298
4308
4305
4307
4313
4315
4314
4322
4321
4319
4329
4326
4328
4334
4336
4335
4343
4342
4341
4349
4350
4348
4357
4354
4356
4360
4364
4363
4369
4371
4370
4374
4378
4377
4382
4384
4383
4391
4390
4392
4399
4398
4395
4405
4406
4404
4411
4410
4413
4419
4420
4417
4426
4427
4425
4434
4432
4431
4441
4438
4439
4445
4448
4447
4454
4455
4452
4461
4462
4460
4468
4466
4469
4474
4476
4473
4481
4483
4482
4488
4490
4489
4493
4496
4497
4501
4504
4503
4508
4511
4510
4517
4518
4515
4522
4524
4525
4529
4532
4531
4537
4538
4539
4544
4545
4546
4550
4552
4553
4559
4560
4557
4564
4567
4566
4572
4574
4573
4581
4579
4578
4587
4588
4586
4593
4595
4594
4599
4602
4601
4606
4609
4608
4616
4614
4615
4620
4622
4623
4628
4630
4627
4636
4637
4635
4643
4644
4641
4648
4650
4651
4655
4658
4657
4665
4664
4662
4670
4672
4671
4679
4678
4677
4683
4685
4686
4690
4693
4692
4699
4700
4697
4706
4707
4705
4711
4713
4714
4721
4718
4720
4727
4726
4725
4734
4733
4732
4741
4742
4738
4748
4749
4747
4754
4756
4755
4762
4763
4760
4767
4768
4770
4774
4777
4776
4783
4784
4782
4791
4788
4790
4798
4796
4797
4805
4804
4802
4809
4812
4810
4819
4818
4817
4822
4826
4825
4830
4832
4833
4840
4838
4837
4846
4847
4844
4852
4853
4854
4861
4859
4860
4865
4866
4868
4873
4874
4875
4882
4879
4881
4886
4887
4889
4896
4894
4895
4902
4903
4900
4908
4910
4907
4916
4915
4917
4922
4923
4924
4925
4931
4930
4936
4938
4937
4944
4943
4945
4946
4950
4952
4959
4957
4953
64
156
158
159
160
161
182
186
193
200
219
224
233
237
249
263
280
282
292
296
298
300
301
306
313
341
342
364
366
375
376
394
408
409
416
421
456
464
468
516
523
534
536
615
1068
1069
1070
1712
1713
1714
1726
1727
1728
1733
1734
1735
1740
1741
1742
1747
1748
1749
1894
1895
1896
1922
1923
1924
1971
1972
1973
2020
2021
2022
2153
2154
2155
2188
2189
2190
2251
2252
2253
2279
2280
2281
2363
2364
2365
2461
2462
2463
2580
2581
2582
2594
2595
2596
2664
2665
2666
2692
2693
2694
2706
2707
2708
2720
2721
2722
2727
2728
2729
2762
2763
2764
2811
2812
2813
3007
3008
3009
3014
3015
3016
3168
3169
3170
3182
3183
3185
3245
3246
3247
3252
3253
3254
3378
3379
3380
3476
3477
3478
3483
3484
3485
3532
3533
3534
3567
3568
3569
3812
3813
3814
3868
3869
3870
3896
3897
3898
4232
4233
4234
4281
4282
4283
4358
4359
4360
4372
4373
4374
4925
4926
4927
)


// ************************************************************************* //
