/*--------------------------------*- C++ -*----------------------------------*\
| =========                 |                                                 |
| \\      /  F ield         | OpenFOAM: The Open Source CFD Toolbox           |
|  \\    /   O peration     | Version:  1912                                  |
|   \\  /    A nd           | Website:  www.openfoam.com                      |
|    \\/     M anipulation  |                                                 |
\*---------------------------------------------------------------------------*/
FoamFile
{
    version     2.0;
    format      ascii;
    class       volScalarField;
    location    "40000/fluid";
    object      Ct2;
}
// * * * * * * * * * * * * * * * * * * * * * * * * * * * * * * * * * * * * * //

dimensions      [0 0 0 0 0 0 0];


internalField   nonuniform List<scalar> 
4960
(
8.88168
8.810898
8.884726
8.881377
8.79598
8.859489
8.875622
1
8.867597
8.892654
8.866098
1
8.881318
8.867486
1.168257
8.87065
5.935616
8.880124
8.879796
1.001175
1
8.877018
8.877104
8.868139
5.829453
8.870976
1.11875
8.88122
1.647193
8.430687
1.287531
1.201723
1
1.323661
1.338464
8.875405
8.877632
8.520075
2.708214
8.794247
8.865971
8.812355
8.880251
1.040537
1.099809
8.759515
8.873453
1.022669
8.873782
1.408778
8.864484
8.877138
8.866458
8.865621
8.87857
8.866917
8.876789
8.88946
8.872775
8.88399
1.360967
8.878927
8.878109
8.881619
1
8.829857
1.002332
8.877393
1
8.879288
8.873396
8.879308
8.884786
3.447498
8.86507
1.335762
8.880468
8.875727
8.128897
1
8.880181
8.869721
8.864936
8.881645
6.529316
8.873243
8.865513
2.665909
8.86596
4.54519
2.351391
1.956199
8.871251
8.872121
8.861582
1
2.013201
8.877507
4.747467
8.272747
8.867259
8.865699
8.881029
8.867933
8.562128
8.87108
8.881738
8.881535
8.881784
8.866573
8.810482
8.870124
6.055424
8.868365
2.482365
8.892666
4.294856
8.86577
8.166977
8.87028
8.876446
8.720352
8.880776
1.000093
8.865477
8.88161
8.86602
8.865916
8.878744
8.787735
8.880119
8.87236
8.869489
8.87338
7.736986
5.897063
2.888506
8.873916
5.615111
8.641907
8.867142
8.872344
1
8.846551
1
1.000004
1
8.866665
8.832267
8.869488
8.866236
1
1.000157
2.994925
8.877228
8.804697
1
8.866366
1
1
1
1
1
8.881646
1.000988
8.869567
8.865516
8.876868
8.86833
8.880137
8.864808
8.875152
8.425009
8.872512
7.502601
8.808225
8.874438
1.001304
8.86783
1.000012
8.866739
2.073145
1
8.861915
1.000112
1.001069
1.048639
8.859072
8.867083
1.003491
8.871526
8.876555
8.872299
1
8.877524
8.875495
8.85429
1
8.875055
7.490723
1
1.154157
8.878004
3.372569
8.847182
8.851229
8.183318
8.871166
8.497274
8.497826
1
7.866415
1.399566
8.780938
8.810014
1
8.879966
1.352083
8.645027
1
8.881659
8.868752
8.876045
8.867733
1
8.877354
8.893037
1
8.870089
2.851473
1
8.866995
8.88827
1
8.864777
8.860804
8.880057
1
5.171898
8.871001
8.865652
1.359184
8.881236
8.869114
8.869816
1.771879
1
8.862028
8.808251
1.261766
8.865245
8.865848
6.946447
8.521541
8.786735
8.86302
8.880033
8.64007
7.580462
8.871221
8.869027
7.508893
1
1.021414
8.892492
8.881771
8.868515
8.301085
8.870333
1.372315
1
1.577372
8.766165
1.045203
8.861826
6.947747
8.878879
6.457703
8.010429
1.010228
1
1
1
8.495592
8.866115
8.877491
8.87009
8.863893
8.872294
8.831421
8.865333
1
1.391222
8.767313
1.808127
8.869744
1.393929
1.008534
1
8.87984
1.38629
1
1.36465
8.875752
8.865248
1.000011
1.396295
8.874481
8.879311
8.871338
1
8.86114
2.321764
1.423905
1.28653
8.281962
8.876279
6.889182
1.270782
5.099141
1.616119
2.687362
2.274687
1.378005
6.972771
2.514062
3.437352
1.755818
1.406009
3.548703
8.875238
8.873755
8.841797
8.872288
8.875039
8.877677
8.870676
8.877026
8.875101
1
1.148468
1.419947
1.393091
8.868
1
1.311003
1
8.877963
8.876648
8.877693
8.878125
1
8.879393
8.876837
8.87386
8.868952
6.719415
8.865117
8.878049
1
8.86623
8.869906
8.86436
7.203765
1
1
8.607418
1
8.751355
8.879376
1.04577
2.381853
8.824775
8.877957
8.865676
8.796522
1.378924
8.866918
1
4.813723
8.882911
1
8.878688
1.164833
1
8.87354
8.863343
8.492458
8.871895
8.779448
8.877359
1.458827
1.415388
1.175052
1
8.877844
1.624156
8.870459
5.0829
8.878746
5.060961
8.738565
8.873818
1.157254
2.160078
8.865583
8.876573
1.008538
1
1
1.482922
1
8.876315
1
8.870859
1.026079
1
8.870279
8.87825
8.874866
8.873664
1
8.869567
8.172115
8.880101
8.368914
3.536597
8.890569
1
1.525674
8.843629
1.066714
8.869083
8.875981
8.865142
8.867463
1.207594
8.878914
8.872536
1.007766
8.89266
8.87641
8.866436
1
1.516263
1
8.872548
6.829285
8.87098
7.999119
8.863974
8.875799
8.872998
1
8.870302
8.87606
1
8.892718
8.870607
8.870057
8.7071
8.873532
1
8.863921
1
8.877666
8.875725
8.858998
1
1.514244
1.329472
1.011769
8.878629
8.874568
8.864062
1.038876
1.466536
8.878326
8.875179
8.879402
1.00031
8.881732
8.881723
8.881675
8.881807
8.865537
1.000026
8.87164
1
8.877127
8.892919
8.892278
1.002889
8.891777
8.876132
1
3.584674
8.87563
8.871321
1.332817
8.873718
1.0012
1
1.005947
1.008882
8.890769
8.862187
8.860456
1.000244
8.893292
7.820246
8.876806
1
8.878032
8.865835
8.881666
1
1.003809
1
8.8739
8.870319
1.009105
8.892047
1.000077
1
8.865741
8.872682
8.840346
8.874754
8.87471
8.819787
8.878111
8.876051
1
1
8.888855
8.762331
8.836477
8.821324
8.893191
8.875401
1
1
8.877932
1.023111
5.154525
1
8.864225
8.867946
1
6.494935
8.865896
7.392169
8.878169
8.869828
8.877656
6.209156
8.865196
8.869921
8.793821
8.870384
8.868736
8.864673
1.338924
3.434517
1.35811
8.871254
8.876856
8.878062
8.878351
8.870266
1.438924
1.275971
8.890199
1.040893
8.878647
8.881559
1
8.874845
1.083727
1.347422
8.874358
8.878716
8.871196
1
8.867648
8.869102
1
8.893624
8.398833
8.868132
8.842035
8.866484
8.874077
8.862137
1
8.864227
1.367069
1.00961
8.872465
8.878221
8.878763
8.874312
8.864137
8.881396
8.881556
8.880204
1.341607
8.880237
1.375499
1
1.039485
1.076414
8.868521
8.863906
1
1
8.880253
8.881778
8.894307
8.881701
8.88168
8.881701
8.88076
8.880819
8.88076
8.880819
8.764519
8.866078
8.862364
8.867565
8.857198
8.868043
8.867944
8.88516
8.887173
8.882612
8.884758
8.885334
8.88718
8.882802
8.881301
8.881377
8.881301
8.880479
8.880569
8.880479
8.88057
1.345058
1.397165
2.790661
8.865484
1
1.154231
1
8.861581
4.727347
7.743149
8.667903
8.861553
8.859589
8.146538
8.87616
8.875405
8.875333
8.876119
8.876159
8.874536
8.875331
1
1
1.002187
4.182358
1
3.235544
1
8.532967
8.645173
8.79889
8.870333
8.870572
8.870019
8.871231
8.892422
8.892741
8.892395
8.892654
8.892422
8.892741
8.892395
8.864677
8.615802
8.821503
8.690935
8.65365
8.818061
8.840062
1
1
1
1
1
1
1
8.881317
8.8802
8.880745
8.880537
8.880197
8.880743
8.880537
8.86758
1.602734
5.754915
8.867552
8.867214
3.15412
7.615932
1.306272
1.142599
1.380397
1.286422
2.655387
1.198832
1.455282
8.867433
1.266864
8.867989
1
1.000002
1
1.339639
8.866742
8.039262
6.900585
8.867138
8.868054
8.868197
8.86637
8.880057
8.879259
8.879348
8.880124
8.880057
8.879259
8.879348
8.878671
8.879573
8.878963
8.879796
8.878671
8.879573
8.878963
1.116017
1.002164
1.001152
1.004153
1.001155
1.005974
1.001148
1.033097
1.300303
1
1
1.322463
1.402067
1
8.877673
8.876534
8.87714
8.877018
8.877673
8.876534
8.87714
8.877588
8.877645
8.877038
8.877104
8.877588
8.877645
8.877038
8.876134
8.876034
8.874831
8.875383
8.876025
8.873706
8.864008
8.73609
4.634654
8.860152
6.713056
1.274827
7.257806
1
8.870717
8.871643
8.87128
8.870975
8.870716
8.871642
8.87128
8.864982
3.4632
8.864903
1.000089
1.9425
8.865298
1
8.881128
8.881219
8.881128
8.880401
8.880328
8.8804
8.880326
8.866311
8.609627
8.865644
1
1
1
1
6.124423
8.022178
8.619122
1.797218
1.837085
1.353745
3.132147
1.000325
1.554486
1.048173
1
1.009573
1.000001
1.408619
1.35678
1.313258
1.311409
1.082456
1.159897
1.332268
1.1287
1
1
1
1
1
1.252243
1
1.080561
1.08699
1.419661
1.289458
1.376883
1.345399
1.407564
4.600741
8.865601
1.27281
1.777624
8.866043
8.865726
2.59293
8.874865
8.874996
8.875525
8.875405
8.874865
8.874996
8.875525
8.877698
8.877218
8.876046
8.87764
8.877703
8.876948
8.876358
3.381732
8.868041
5.464931
5.182606
6.341983
6.379942
2.357613
1.781767
7.012278
4.514995
8.859417
1.857434
8.790619
8.865392
8.867038
8.872894
8.86625
8.87375
8.875775
8.87474
8.868645
8.866383
8.866259
8.735489
8.866895
8.867572
8.866944
8.867119
8.434618
8.868974
8.802972
8.619485
8.868211
8.807668
8.844443
8.879496
8.880241
8.879524
8.880251
8.879496
8.880242
8.879524
3.924807
1.27018
1.01419
1.08253
8.140877
1.05478
1.026311
1.583326
1.149015
1.002812
1.000791
8.858613
1.002802
1.012393
1.550427
8.867168
8.867037
3.220628
1.541949
8.866746
8.866567
8.873975
8.873393
8.874038
8.873453
8.873975
8.873393
8.874038
8.848185
1.229203
1.000505
1
1
1
1.278521
8.873189
8.873892
8.873308
8.873782
8.873188
8.873892
8.873308
1.778593
1.338911
1.363236
1.335762
1.898659
1.318158
1.330033
8.779647
8.628063
8.810593
8.712973
2.6272
8.777261
8.863764
8.876218
8.880353
8.881062
8.877078
8.87766
8.880355
8.881024
8.865744
8.855099
7.891192
8.868737
8.869381
8.869321
8.868357
8.866047
8.722546
8.137815
8.867182
8.830089
8.296629
7.432662
8.878549
8.879386
8.879153
8.87857
8.878549
8.879386
8.879153
8.866555
8.662581
8.040439
8.808691
8.715986
8.63501
4.444863
8.876731
8.877418
8.876241
8.876789
8.876731
8.877418
8.876241
8.886487
8.888283
8.890043
8.889461
8.886492
8.888283
8.890043
8.872216
8.872775
8.872217
8.874092
8.874621
8.874092
8.874621
8.888008
8.888798
8.885188
8.883984
8.888004
8.888798
8.885198
2.43044
1.355339
6.102953
1.358459
2.501954
1.34755
4.506416
8.879074
8.878251
8.878342
8.878929
8.879076
8.878251
8.878347
8.878738
8.878132
8.878744
8.878109
8.878738
8.878132
8.878744
8.881638
8.881619
8.881638
8.88085
8.880798
8.88085
8.880798
1
1
1
1
1
1
1
1.379619
8.85323
8.858843
1.370196
2.034675
1.043233
1.752049
1.003734
1.552862
8.857063
1.000106
1.000152
1.000093
1.211554
8.877977
8.877148
8.876086
8.877315
8.877496
8.874039
8.876986
1
1
1
1
1
1
1
8.879185
8.8784
8.878635
8.879258
8.879158
8.878315
8.878532
8.873604
8.872971
8.872679
8.873396
8.873604
8.872971
8.872679
8.850741
8.876226
8.832199
8.879718
8.860096
8.877429
8.876223
8.883166
8.887145
8.88545
8.884815
8.883398
8.887162
8.885452
8.475048
3.551985
2.031178
3.211437
1.921783
1.513733
8.866154
4.729305
8.864761
8.817064
8.866033
8.865999
8.865702
8.864028
2.406493
1.016441
2.152732
8.865266
1.266507
1.397324
1.010006
8.8803
8.880467
8.880299
8.879574
8.879743
8.879573
8.879743
8.876295
8.875752
8.87632
8.875727
8.876295
8.875752
8.87632
8.869411
7.824847
8.86893
7.781764
8.868906
7.919769
8.868349
1
1.226129
1
1.012074
1
1
1
8.879462
8.879417
8.880218
8.880181
8.879462
8.879417
8.880218
8.870642
8.870359
8.866368
8.86937
8.87064
8.870293
8.868224
8.865625
8.865505
1.412643
8.865209
8.865253
7.241026
8.864938
8.881651
8.881645
8.881651
8.880863
8.880866
8.880863
8.880866
8.863847
8.710503
8.688132
6.304142
5.415796
7.45695
4.846003
8.874425
8.867801
8.872353
8.87301
8.874601
8.868457
8.864953
1.382368
8.865117
8.865505
8.865712
1.393631
8.865444
7.901337
4.011349
5.113519
1.466296
5.535291
8.865665
2.393446
3.495033
8.816786
8.71613
8.849286
8.865856
8.829106
1.998568
8.860042
2.749415
8.866213
2.009881
7.015016
2.209127
8.866358
1.905144
7.898475
1.692324
8.860396
8.866716
3.268846
8.866458
1.457013
8.843247
8.865376
8.799805
2.018603
2.886874
7.630156
1.392983
8.871888
8.871141
8.871841
8.87125
8.871887
8.871137
8.871842
8.871604
8.872342
8.871835
8.872121
8.871604
8.872342
8.871835
8.8673
8.85462
8.873915
8.870952
8.865119
8.872748
8.873498
1
1
1
1
1
1
1
3.94132
1.305
1.971303
2.733386
7.457614
1.246244
1.641784
8.876933
8.877542
8.876983
8.877507
8.876933
8.877542
8.876983
7.798754
8.867716
7.441147
7.301935
1.881055
4.843045
4.294566
8.558959
8.868755
7.266178
8.266239
8.726217
8.868326
7.303628
8.86783
8.829585
8.866962
3.706291
8.867065
8.867603
7.072392
8.865344
8.865662
8.865429
8.865987
8.866103
3.49508
8.865666
8.88091
8.881029
8.88091
8.880139
8.880242
8.880133
8.880239
8.867482
4.53444
2.976003
8.800406
8.868045
8.867422
1.980722
8.651108
8.805637
8.703099
8.635871
8.794694
8.633081
8.563126
8.871736
8.871909
8.871349
8.87108
8.871737
8.871909
8.871348
8.881754
8.881738
8.881754
8.880927
8.880881
8.880927
8.880881
8.881462
8.881535
8.881462
8.8808
8.880671
8.880798
8.880677
8.881779
8.881784
8.881779
8.881006
8.881006
8.881006
8.881006
8.865128
8.838958
8.867844
8.860897
8.870506
8.869519
8.861721
8.78738
8.811886
8.868515
7.184299
4.846206
8.838732
7.57085
8.869345
8.870018
8.86903
8.757572
8.693698
8.721311
8.82931
8.866824
7.754648
7.841574
8.866946
8.867415
8.408765
8.867162
8.868814
7.992305
7.770125
8.677248
8.868564
8.868549
8.868662
2.30952
1.586659
4.498122
8.866909
1.433315
8.867014
1.557435
8.892666
8.887814
8.884477
8.892344
8.887812
8.884473
8.892344
8.677713
8.867679
8.866883
8.507792
7.467348
6.495582
8.471376
6.962205
5.55755
7.733858
8.865318
8.866765
8.867552
8.867353
7.97051
8.197467
8.268428
8.868124
8.85584
8.549297
8.706958
8.86339
8.787346
8.10682
8.869892
8.870713
8.804236
8.508523
8.876973
8.876473
8.875819
8.876446
8.876973
8.876473
8.875819
8.630126
8.707244
8.580562
8.836704
8.869396
8.868237
8.873197
8.880627
8.880776
8.880627
8.880027
8.879897
8.880027
8.879897
1
1.267789
8.863903
8.86522
8.864907
8.865198
8.865277
2.97974
1.002386
8.865617
1.335706
1.424034
1.034759
4.898893
8.881578
8.88161
8.881578
8.880691
8.880543
8.880691
8.880543
8.865964
1
8.865548
8.866025
8.865964
1.025166
8.865738
1.699333
8.866711
8.866466
1.355428
1.000481
1.255041
8.86783
8.878104
8.878208
8.8786
8.878743
8.878104
8.878215
8.878597
8.867745
8.698401
8.690168
8.869627
8.849095
8.869181
8.852626
8.880119
8.880119
8.88011
8.87936
8.879231
8.879358
8.879228
8.872947
8.872489
8.873063
8.872359
8.872947
8.872489
8.873063
8.8702
8.869867
8.869395
8.869658
8.870199
8.869926
8.869374
8.872653
8.873208
8.872857
8.873379
8.872653
8.873208
8.872857
8.867564
7.764675
8.867282
1.481592
1.260198
7.25224
7.305665
8.148186
8.865889
8.724279
1.951854
3.646088
7.51302
1.521033
1.706016
8.639336
8.819128
7.397645
1.314464
1.379597
1
8.873763
8.874319
8.87446
8.873916
8.873763
8.874319
8.87446
3.543732
2.177996
3.931919
8.866299
6.076278
7.659876
2.884947
8.857134
8.861229
8.858731
6.968302
8.8668
8.86686
8.865735
8.788886
5.319548
8.86667
8.846573
8.867343
8.866729
8.866598
8.875341
8.870405
8.864412
8.87513
8.87536
8.870218
8.860911
1
1
1
1
1
1
1
8.848716
8.850249
8.84207
8.807215
8.85062
8.85086
8.818855
1.369128
1
1.103664
1.432995
1
1
1
1.000527
1.000004
1.00081
1.000005
1.000508
1.000004
1.000748
1
1
1
1
1
1
1
8.866019
8.866067
8.866586
8.866567
5.403871
8.86622
8.866313
8.856459
8.859475
8.8557
8.858987
8.858712
8.865206
8.858655
8.869885
8.867217
8.805402
6.710608
8.867584
8.798618
8.607754
2.148666
6.375513
8.866717
8.866785
7.837281
8.19812
8.866569
1
1
1
1
1
1
1
1.000273
1.000348
1.000262
1.000066
1.000136
1.000215
1.000105
1.389105
7.328698
7.945646
7.092565
5.918439
8.479958
8.386713
8.877904
8.878229
8.877564
8.877228
8.877904
8.878229
8.877564
8.733793
8.863971
8.85896
1.010374
1.009778
1.134191
1.010664
1
1
1
1
1
1
1
8.866816
8.866584
8.866149
8.865931
8.866311
8.865866
8.8653
1
1
1
1
1
1
1
1
1
1
1
1
1
1
1
1
1
1
1
1
1
1
1
1
1
1
1
1
1.000007
1.000128
1.000003
1
1.000005
1.000123
1.000004
8.88164
8.881646
8.88164
8.880786
8.880836
8.880786
8.880836
1.001717
1.006107
1.003034
1.000745
1.001839
1.006217
1.002651
8.870137
7.256279
5.055912
8.86837
8.867312
1.29001
1
8.865344
8.86523
6.344132
8.866383
8.866495
8.866232
8.866415
8.87744
8.877474
8.876896
8.876868
8.877439
8.877474
8.876896
8.867559
1.695253
1.477452
7.928408
7.49158
2.063842
1.272986
8.883567
8.878571
8.880479
8.880137
8.883563
8.878568
8.880475
8.762416
8.865167
8.864565
8.865269
1.381215
8.797138
8.531412
8.875186
8.874559
8.874615
8.875152
8.875186
8.874559
8.874615
8.203052
1.886348
1.871141
6.713122
7.527333
7.60966
1.400518
8.873156
8.873242
8.87252
8.872512
8.873155
8.873242
8.872519
8.574504
1.758082
1.505425
8.865714
8.538182
1
1
8.872723
8.871043
8.872251
8.843072
8.872698
8.870869
8.872102
8.875161
8.875145
8.874508
8.874438
8.875161
8.875145
8.874508
1.000822
1.001058
1.001861
1.001089
1.000609
1.000796
1.001579
8.867319
8.867831
8.867322
8.870559
8.87006
8.870558
8.87006
1.00312
1.00189
1.000013
1.000008
1.002581
1.00157
1.000006
8.866137
8.866745
8.866155
8.868993
8.869548
8.868997
8.869549
1.372515
6.996749
3.29555
1.188328
2.388101
4.01995
3.387929
1
1
1
1
1
1
1
8.849733
8.799798
8.856573
8.826212
1.340979
1.00001
1.009033
1.00036
1.00002
1.000163
1.000012
1.000291
1.000007
1.000075
1.000326
1.000825
1.02184
1.001358
1.000208
1.001042
1.011422
1.163821
1
1
1
1
1
1
1.38868
8.842591
8.866842
8.858531
2.336687
8.819943
8.866735
8.869776
8.865711
8.867772
8.869041
8.86264
8.829058
8.833199
1.000076
1.000162
1.164351
1.004285
1.000066
1.000132
1.157753
8.870977
8.871526
8.870978
8.873577
8.873071
8.873577
8.873071
8.877857
8.876921
8.87773
8.876978
8.87791
8.876921
8.877729
8.877376
8.876626
8.877383
8.876563
8.87782
8.876176
8.877411
1
1
1
1
1
1
1
8.877829
8.877262
8.877837
8.877246
8.877826
8.875312
8.87803
8.87429
8.875545
8.873749
8.875522
8.874794
8.875569
8.874258
8.874085
8.864045
8.876048
8.867787
8.87495
8.867712
8.876369
1.003887
1.000002
1.002822
1
1.00321
1.000001
1.001793
8.877733
8.863574
8.877763
8.87702
8.877461
8.86258
8.877798
1.000326
1.419408
1.201719
1
1
1
1
1
1
1
1
1
1
1
1.133786
1
1.373832
1.004431
1
1.35792
1.000136
8.875791
8.877318
8.877605
8.877259
8.875554
8.877318
8.877351
2.788112
4.953522
6.970756
8.866527
7.647446
8.86615
8.865971
8.867122
7.782915
8.866354
8.867322
8.867001
8.86699
4.812825
8.638033
8.313816
8.709038
3.448559
8.781254
5.926846
8.296328
5.574706
8.869541
7.998823
8.442288
5.556341
8.859036
8.726919
8.866835
8.320683
8.868802
8.870313
8.830928
8.083116
8.868457
8.759247
8.865502
7.251442
8.442594
7.301604
8.868876
8.869435
8.342462
8.862141
8.753685
8.784556
8.80569
8.867668
8.817701
1.281138
1
1.000196
1
1
1.034148
1.013435
7.516514
8.769927
6.883406
8.273912
8.513491
8.463226
8.758037
7.679075
1.359423
2.165004
8.866305
1.338839
8.866326
1.378957
8.783231
8.87189
8.871657
8.783888
8.761657
8.847514
8.839269
7.902379
8.871946
8.826496
8.87142
8.769447
8.707659
8.527127
1
1
1.012125
1.00002
1
1
4.756016
8.8793
8.879177
8.880049
8.879966
8.8793
8.879177
8.880049
3.132149
1.008221
1
1
1
1.000012
1.104849
8.112998
8.646762
8.689202
8.561229
8.807922
8.715083
8.640594
1
1
1
1.00002
1.000026
1.000002
1.000009
8.881671
8.881659
8.881671
8.880839
8.880741
8.880838
8.880741
8.864854
8.868703
8.869417
8.868377
8.866424
8.869244
8.869416
8.87537
8.875649
8.875066
8.876045
8.87537
8.875649
8.875066
8.86678
8.867799
8.864591
8.867588
8.866205
8.867608
8.862624
1
1
1
1
1
1
1
8.876078
8.877346
8.877163
8.877596
8.876129
8.877241
8.876851
8.892488
8.892862
8.892609
8.893037
8.892488
8.892862
8.892609
1.008567
1.352072
1
1
1.000002
1.415491
8.865313
8.586357
6.167928
8.869272
8.869644
8.495945
8.868284
8.868908
1.359316
8.861103
8.122418
1.930889
1.450583
8.861319
8.552975
1
1
1
1
1
1
1
1.502435
1.347987
2.954404
8.866637
1.437912
1.397223
8.1636
8.885453
8.887951
8.884558
8.884743
8.881348
8.883813
8.879405
1
1
1
1
1.000008
1
1
1
1.232257
8.865194
8.86625
8.865665
8.86591
8.86553
8.831007
7.083408
8.862876
8.860964
8.860536
7.359894
8.674804
8.878992
8.879353
8.879829
8.880057
8.87898
8.879353
8.879768
1
1
1
1
1
1
1
8.515971
8.20965
8.831116
3.759936
7.849631
8.856829
8.842267
8.871116
8.87166
8.871693
8.871001
8.871111
8.871658
8.871692
8.865878
8.866702
8.856967
8.864248
8.863856
7.053515
8.366654
8.860843
6.967358
1.198863
8.860858
8.861372
1.328146
1.235711
8.881236
8.88049
8.88027
8.879818
8.88049
8.88027
8.879818
8.31522
8.490762
8.869735
8.868987
8.11745
8.267915
8.86992
8.870006
8.870403
8.870531
8.869814
8.870005
8.870402
8.870533
1.33806
1.551367
7.704546
1.494522
1.532145
1.749133
8.867431
1
1
1
1
1
1
1
8.407262
7.479873
4.627988
8.864847
5.697179
8.640076
8.327145
8.834395
8.870808
8.8628
8.845856
8.764631
8.660976
8.868595
1
1
1
1
1.157971
1
1
6.587177
8.863984
8.864317
7.878198
8.176712
8.444247
8.127626
8.865975
8.866656
8.752312
1.07718
1
2.991225
1.000001
8.852529
8.86543
8.865973
4.092841
7.528506
8.866738
8.867029
2.24745
8.864683
8.864744
8.866221
8.866364
1.486651
8.842901
8.869216
8.852649
8.867103
8.843916
8.869153
8.869677
8.870061
8.857246
8.866888
8.858211
8.865038
8.853468
7.698956
1.000878
8.879034
8.87988
8.879237
8.880033
8.879034
8.879879
8.879237
8.869994
8.868684
8.868696
8.540822
8.869841
8.869545
8.86834
3.854083
3.507295
8.868395
8.859637
6.584233
4.835684
8.867901
8.871303
8.871941
8.871905
8.871232
8.871307
8.87194
8.871907
8.869456
8.869585
8.868119
8.869025
8.869341
8.869671
8.867394
5.881086
1.78712
2.51623
8.86619
8.348172
8.866052
8.865999
1
1
1
1
1
1
1
1.035278
1.326865
1.278942
1
1
1
1
8.891633
8.892246
8.892215
8.892493
8.891633
8.892248
8.892215
8.881778
8.881771
8.881778
8.880963
8.880989
8.880963
8.880989
8.75468
8.82839
8.557956
8.869482
8.816716
8.867357
8.646929
1.036037
1.312503
1.501231
8.866481
8.866189
8.866251
8.866364
8.869773
8.870333
8.869774
8.872568
8.872067
8.872568
8.872067
1
1.910827
8.865836
8.86553
1.118014
3.056142
1.901022
1
1
1
1
1
1
1
4.229602
8.86739
8.653895
1.719243
5.306934
4.011661
8.867294
8.850548
8.624035
8.861076
8.84637
8.719365
8.829243
8.380035
1.045383
1.330708
1.346709
1.040028
1.046229
1.327569
1.351387
1.310042
1.083397
1.0001
1
3.117511
1
1
7.937559
8.824778
8.865564
5.078391
8.791002
8.86658
8.865574
8.879841
8.879958
8.879105
8.878879
8.879841
8.879958
8.879105
8.867246
3.662147
7.085056
6.330241
8.867106
3.916424
6.225065
8.834119
8.867602
7.52384
7.97999
8.822196
8.867568
7.642181
1.456891
1.321556
1.010304
1.294448
1.00903
1.009878
1.189327
1
1
1
1.000038
1.000108
1.000006
1.000014
1.375383
1.004006
1
1
1.056509
1.001269
1.062787
1
1
1
1
1
1
1
8.760376
8.638323
8.60763
8.849391
4.176049
8.835095
1.409847
8.866002
8.865723
8.866131
8.866066
8.866333
8.866718
8.866677
8.87712
8.877983
8.877792
8.877491
8.87712
8.877983
8.877792
8.868648
8.869156
8.870301
8.868871
8.828395
8.861382
8.86984
8.862842
2.98543
8.863665
6.313178
8.862863
1.617387
3.947898
8.87257
8.873219
8.871765
8.872331
8.872686
8.873219
8.87262
8.865287
8.863442
8.861332
8.313548
8.865136
8.863143
8.863369
8.816608
8.87189
8.869317
8.866053
8.814911
8.87204
8.871841
1
1.591777
1.331758
1.175158
1
8.863838
1.659473
1.390647
1.415846
1.439773
1.000063
1.002715
1.016722
1.003005
8.862373
8.226387
8.868073
7.500918
7.237975
8.867889
7.953384
2.326387
1.882202
1.413102
1.588348
2.872667
3.524415
8.585185
8.812906
8.869928
8.870086
8.857326
8.807361
8.870128
8.870726
1.368217
1.457619
1.396142
1.000984
1.10888
1.196437
1
1.032545
1.012103
1.019588
1.012543
1.042183
1.014297
1.022202
1
1
1
1.000846
1.000097
1.001485
1.000075
8.878873
8.879325
8.879318
8.87984
8.878873
8.879325
8.879318
1.396727
1.435492
1.483746
1.034322
1.000253
1.057957
1.019259
1
1
1
1
1
1
1
1.00007
1.10398
1
7.596291
1.20813
8.865122
1.096398
8.875714
8.876272
8.876264
8.875752
8.875713
8.876272
8.876264
8.863502
8.865294
8.863714
8.868333
8.867425
8.868335
8.86737
3.116175
8.535056
8.866943
1.32721
8.864005
8.866357
8.866546
1.710546
2.662339
2.932538
1
8.865149
1.459033
1.161039
8.874948
8.875625
8.876005
8.875437
8.875508
8.876017
8.876002
8.879887
8.879974
8.879349
8.879311
8.879887
8.879974
8.879349
8.872174
8.869591
8.871108
8.860666
8.872522
8.82029
8.870469
8.863854
5.023277
1.000001
1
1.125549
8.864641
1.00161
8.861904
7.830359
8.854485
8.861514
8.861656
5.90783
8.534479
1.547895
4.08027
5.8788
8.864401
8.865344
8.867559
8.868578
1.405332
1.407118
1.408013
1.001498
1.000216
1.274526
1.16266
1
1.001168
1.000255
8.86545
1.000026
1.318762
1
8.869745
6.361254
4.26148
8.868222
8.206032
7.466247
4.522998
8.876629
8.877174
8.876822
8.876279
8.876629
8.877175
8.876823
4.926079
6.594568
8.866455
5.907517
4.589199
3.089856
8.86627
1.3177
1.033119
2.405896
4.07087
1
1.612225
8.450751
1.338356
8.867646
1.500212
1.139088
4.913955
8.86612
1.404651
4.346007
2.505647
1.464145
1.099501
7.567827
1.263912
1.000686
3.228987
8.867383
3.348682
1.083158
1.446714
1.000889
8.86569
1.904057
1.561698
1.90421
1.54444
1.277656
8.865064
1.463532
1.420679
4.202336
1.672289
1.142265
1.141793
1.22283
4.031233
4.86172
1.9627
8.867386
1.21568
8.864491
1.098681
1.361352
2.137838
8.86745
8.557317
1.316645
1.161317
1.407896
1.286614
7.909684
6.577777
8.84761
1.34231
1.36471
1.344861
1.024973
2.008749
1.921418
2.571035
1.491998
1.153386
1.497131
1
1.430425
1.662324
5.758529
1.131216
1.003296
1.004138
1.004374
3.108075
8.867375
6.426336
1.004376
1.016341
1.021743
1.005906
8.875309
8.874761
8.87468
8.875238
8.875309
8.874761
8.87468
8.873692
8.87433
8.873866
8.873749
8.873693
8.874351
8.873859
8.873147
8.87095
8.87492
8.821185
8.872777
8.867232
8.874663
8.872271
8.872869
8.872823
8.872288
8.872271
8.872869
8.872822
8.874198
8.870575
8.870716
8.875838
8.866267
8.870272
8.834808
8.877386
8.878153
8.878006
8.877677
8.877386
8.878153
8.878006
8.869579
8.871977
8.871437
8.870666
8.869498
8.871859
8.869525
8.877555
8.877486
8.877972
8.877026
8.877555
8.877486
8.877972
8.875706
8.876031
8.875374
8.875103
8.875706
8.876031
8.875374
1.001996
1.192299
1.557553
1.000043
1.583576
1.126267
8.299109
1.067535
1.115578
1.444646
1.224536
1.121129
1.352793
1.362148
1.403113
1.413083
1.409565
1.100424
1.223624
1.215632
1.228101
1.401454
1.399541
1.419146
1.000009
1.368524
1
1.000001
8.868349
8.868971
8.866597
8.868133
8.868305
8.869093
8.867791
1
1
1
1
1
1
1
8.864707
1.000846
8.865674
8.864972
8.865563
1.000061
1.028906
1
1
1
1
1
1
1
8.878014
8.878725
8.878677
8.877965
8.878013
8.878725
8.878677
8.877287
8.877279
8.876677
8.876474
8.877263
8.877329
8.876677
8.880751
8.880538
8.877473
8.876275
8.880677
8.880616
8.876948
8.876388
8.882802
8.855136
8.870026
8.872221
8.875521
8.875509
1
1
1.004588
1.00961
1
1
1.193318
8.878683
8.878701
8.879477
8.879383
8.878679
8.878551
8.879475
8.877337
8.879711
8.879144
8.876993
8.877408
8.879672
8.879143
8.873338
8.87386
8.873338
8.875142
8.875659
8.875142
8.875659
8.598579
8.852487
8.862944
8.825798
8.532426
8.85434
8.866419
5.3882
8.849984
8.742507
7.615788
6.079107
6.530689
8.598874
8.865721
3.551068
8.865645
8.86505
8.865733
3.369841
8.86566
8.878084
8.87869
8.87872
8.878049
8.878084
8.87869
8.87872
1
1.178603
1
1
1
1
1
8.491248
8.868588
8.868309
8.835993
8.867882
8.468276
8.788158
8.86547
8.874882
8.865689
8.851082
8.874363
8.874539
8.872581
8.86203
8.864313
4.436394
8.865358
8.248623
8.490956
8.865377
4.568188
8.848976
6.470569
8.7425
5.784027
7.394203
7.168203
1
1
1
1
1
1
1
1
1
1
1
1.397146
1.000006
8.865095
8.624727
8.785775
8.732838
8.756483
8.709063
8.840707
8.832093
1
1.000009
1.953257
1
1.071724
1.000113
1.352409
2.1085
8.865935
8.866132
2.189631
8.762622
8.865918
8.865666
8.8794
8.880103
8.880114
8.879376
8.8794
8.880103
8.880114
1.522917
8.864981
8.863425
8.865621
8.616194
8.865133
8.652967
8.868016
8.867988
6.871006
1.982811
8.86756
8.867477
6.601718
8.861346
8.872648
8.874753
8.870294
8.873205
8.874743
8.874639
8.878604
8.87846
8.877803
8.877957
8.878604
8.87846
8.877803
8.865772
7.627172
7.686156
8.866895
8.866935
8.867085
8.740426
8.816383
8.777391
8.775008
8.814192
8.842527
8.795398
8.831891
1
1
1
1
1
1
1
8.866494
1.312409
8.866804
8.866277
1.501755
1.253876
1.436181
1
1
1
1
1
1
1
2.963247
8.866872
8.866579
8.866437
8.866798
8.866574
8.866255
8.88146
8.887032
8.885472
8.882902
8.881453
8.887031
8.885469
1
1
1
1
1
1
1
8.878738
8.879584
8.879531
8.878571
8.878779
8.879579
8.879527
1.921858
7.990573
1.147592
1.885827
1.089536
8.865842
1.000006
1.263984
1
1
1
1.755736
1
8.841628
8.80957
8.87253
8.87044
8.870996
8.8015
8.874616
8.859559
8.873172
8.871341
8.851439
8.872993
8.872799
8.87414
8.87469
7.511524
8.720186
8.283457
8.842058
8.866247
8.743592
8.86759
8.871428
8.871927
8.873088
8.871673
8.87163
8.871534
8.873652
8.867996
8.852952
8.868861
8.867498
8.553322
8.853454
8.865054
8.87668
8.876227
8.877423
8.877373
8.876706
8.876706
8.877375
1.828106
1.250927
8.865392
1.068893
1.361265
1
8.865389
7.950256
8.867731
1.449287
1.368901
2.022086
1.640341
8.86638
1.013754
1.305172
1.117448
1.103221
1.00398
1.140389
1.005769
1
1
1
1.000105
1.000005
1.000083
1.000085
8.878459
8.878583
8.877654
8.877845
8.87846
8.878583
8.877656
2.465837
1.378012
8.860345
1.623864
2.288742
1.331067
8.860445
7.329797
8.6651
8.727454
8.869992
8.192851
8.850925
8.762604
6.684994
5.571503
8.867064
8.859467
8.866558
8.866967
8.189522
8.878158
8.878196
8.878748
8.878746
8.878158
8.878196
8.878748
3.569038
8.868117
8.064749
6.486252
8.215543
8.745337
8.842704
8.854796
8.868349
8.874018
8.809531
8.584655
8.818889
8.874193
8.874496
8.873891
8.874685
8.873807
8.874496
8.873896
8.874686
1.10433
1.216948
1.000104
8.865192
8.865257
1.158349
8.864694
2.392824
1.407134
8.867867
8.432893
3.124583
1.335042
8.867296
1.54381
8.658207
8.865034
7.604719
8.86512
8.864898
8.864613
8.875947
8.876052
8.876493
8.876573
8.875947
8.876052
8.876493
1.096151
1.060598
1.157358
1.013617
1.063071
1.098194
1.158035
1
1
1
1
1
1.000083
1.000001
1
1
1
1
1.000484
1
1.000932
8.496822
5.158726
8.859593
1.434633
8.85993
4.212382
8.859652
1
1
1
1
1
1
1
8.87697
8.873186
8.874617
8.876313
8.876497
8.875441
8.871306
1
1
1
1
1
1
1
8.871118
8.871344
8.870654
8.870859
8.871118
8.871344
8.870658
1.021698
1.325793
1.221666
1.022823
1.057478
1.403726
1.233529
1
1
1.000061
1.000068
1.000041
1.000001
1.000014
8.87012
8.8694
8.869804
8.870361
8.870152
8.869327
8.869627
8.878817
8.878815
8.878165
8.878249
8.878817
8.878815
8.878166
8.874365
8.874866
8.874365
8.876676
8.876169
8.876676
8.876169
8.874133
8.873713
8.874266
8.873664
8.874133
8.873712
8.874266
1
1
1
1
1
1
1
8.870436
8.872147
8.870607
8.868978
8.87178
8.872761
8.87208
8.818368
8.832073
8.657229
8.865356
6.806875
7.933653
8.685897
8.879485
8.880055
8.879384
8.880101
8.879484
8.880055
8.879383
8.866277
8.85792
8.656289
6.221149
8.866397
8.76815
6.976538
8.865736
1.162442
1.000005
1.000018
1.345424
1.000019
1.000025
8.890954
8.892008
8.891975
8.890568
8.890955
8.892008
8.891976
1.047186
1.414071
1.829385
1.043299
1.4969
8.86039
1
8.840527
8.864517
1.151519
1.208499
1.309075
1.004197
8.865583
8.869526
8.764572
8.864256
8.865332
8.850724
8.764387
8.864376
1.18115
1.413558
8.651647
1.040854
1.291159
1.341447
8.558199
8.86853
8.869083
8.86853
8.871066
8.87157
8.871066
8.87157
8.876472
8.876058
8.875699
8.875987
8.876472
8.87606
8.875698
8.861401
8.86645
8.862045
8.861306
8.869142
8.868695
8.862367
6.909615
2.397704
8.868089
4.739218
8.863277
2.381234
8.867483
8.068922
1.000016
1.482704
1.000058
1.367735
1.000006
1
8.879571
8.879304
8.879856
8.8789
8.87957
8.879304
8.879856
8.872522
8.873131
8.873144
8.872534
8.872521
8.873131
8.873144
1.412024
1.35303
8.222798
1.010464
1.346759
1.310018
8.158965
8.892556
8.89266
8.892557
8.892302
8.892033
8.892303
8.892033
8.876623
8.877208
8.877018
8.876551
8.876467
8.877199
8.877033
2.909527
3.718227
1.367972
8.866355
2.84198
2.057065
1.36519
1
1
1
1
1
1
1
8.864657
8.865035
8.864887
1.000008
1
1.084897
1.16603
1
1
1
1
1
1
1
8.873204
8.87257
8.873171
8.872562
8.873204
8.872473
8.873171
1.954172
1.401056
6.862874
1
6.150223
4.033006
8.646526
8.205737
8.844423
8.80365
8.86624
8.869143
8.65744
8.873728
3.94401
8.372973
8.837214
6.761935
4.310195
5.29157
5.55657
8.853582
8.868488
8.643159
8.824386
8.852354
8.867995
8.683871
8.876364
8.875863
8.876422
8.875799
8.876364
8.875863
8.876422
8.877745
8.877303
8.872206
8.873645
8.877798
8.877324
8.869001
1
1
1
1
1
1
1
7.745109
8.871593
8.86845
8.824015
7.916823
8.871006
8.869547
8.875516
8.87606
8.875516
8.877191
8.877718
8.877191
8.877718
1
1
1
1
1
1
1
8.892687
8.892726
8.892691
8.892471
8.892542
8.892474
8.892547
8.870233
8.870885
8.870455
8.870603
8.870257
8.870881
8.870463
8.870747
8.870448
8.870976
8.870018
8.870723
8.870447
8.870976
8.86495
8.853406
8.64232
1.009906
1.00913
1.009035
1.008125
8.873637
8.874203
8.874113
8.873532
8.873637
8.874203
8.874113
1
1
1
1
1
1
1
8.869733
8.870482
8.868876
8.871376
8.869487
8.870237
8.870381
1
1
1
1
1
1
1.000006
8.878556
8.877755
8.877293
8.877664
8.87854
8.877761
8.877271
8.87623
8.875965
8.876622
8.875703
8.876235
8.875964
8.876615
8.828262
8.861404
8.857699
8.864377
8.83747
8.856072
8.844107
1
1
1
1
1
1
1
4.059867
1.348488
1.347748
8.865933
8.865547
2.558823
8.865501
8.864356
1.192964
1.002215
1.278824
6.153438
1.003299
1.003634
1.000001
1.060027
7.731238
1.012403
1.191563
1.935606
1.338337
8.878694
8.879341
8.879124
8.878535
8.878698
8.879316
8.87911
8.875281
8.874803
8.874879
8.874568
8.875281
8.874803
8.874879
8.864559
8.864369
1.290771
1.393569
7.404892
1.387906
8.865093
3.742021
1.36078
8.864868
8.865698
8.697039
8.865686
8.691599
1.42025
3.203817
8.865958
2.139861
1.381967
8.865836
2.8618
8.878034
8.878882
8.878669
8.878406
8.878032
8.878889
8.878668
8.875897
8.877051
8.876858
8.873738
8.875692
8.876827
8.876378
8.880097
8.880045
8.879387
8.879402
8.880097
8.880045
8.879387
1
1
1
1
1
1
1
8.881678
8.881732
8.881678
8.880919
8.880765
8.880919
8.880765
8.881806
8.881723
8.881806
8.880926
8.881179
8.880926
8.881179
8.881624
8.881675
8.881624
8.880924
8.880995
8.880923
8.880995
8.881736
8.881807
8.881736
8.88088
8.881159
8.88088
8.881159
8.866358
1.101871
1.664919
1
1.269608
1.787059
8.866116
2.008009
1.296066
8.865488
1.000005
1.842009
1.314458
8.865101
8.862966
8.871024
8.852045
8.871558
8.865042
8.872123
8.85467
1
1
1
1
1
1
1
8.876615
8.877127
8.876615
8.878764
8.87824
8.878764
8.87824
8.892791
8.892919
8.892819
8.892736
8.892607
8.892739
8.892614
8.891802
8.892279
8.891804
8.891437
8.890573
8.891437
8.890557
1.000162
1.000058
8.864975
1.001772
1.000377
1.000006
1.304454
8.890097
8.891207
8.891099
8.891777
8.890098
8.891207
8.891099
8.876232
8.876812
8.876844
8.876129
8.876233
8.876811
8.876844
1
1
1
1
1
1
1
4.00339
7.155963
3.342047
1.560576
4.927699
5.167277
8.86634
8.876191
8.875725
8.875229
8.87563
8.876191
8.875725
8.875229
8.87144
8.872758
8.873258
8.87231
8.763533
8.856452
8.815216
1.000645
1.790914
8.8666
1.333185
1.000428
1.731074
8.866261
8.873863
8.874181
8.874396
8.873718
8.873863
8.874181
8.874396
1.014073
1.91803
1
1.000564
1.04641
2.898408
1
1
1
1
1
1
1
1
1
1.47665
1.003043
1
1
1.041238
1.003624
1.060717
8.864319
1.940129
1.175942
1.017729
7.003894
1.022204
8.889533
8.890744
8.889528
8.887076
8.889068
8.886887
8.88898
1
1.677131
1
6.836206
1
4.406974
8.87107
8.848296
8.860184
8.842874
8.866093
8.862848
8.865814
8.862024
1
1
1.395763
1.08441
1
1
1
8.893684
8.893292
8.893684
8.893291
8.892843
8.893291
8.892843
8.867343
7.042091
8.86632
8.663985
7.42773
7.673218
8.602307
8.876845
8.877378
8.877253
8.876806
8.876845
8.877378
8.877253
1
1.331566
1
2.031485
1
1.486564
1
8.878449
8.878435
8.878857
8.878032
8.878449
8.878435
8.878857
1.397053
1.000006
8.866169
1
1
1
1.362579
8.881618
8.881666
8.881617
8.880851
8.880762
8.880851
8.880762
1
1
1
1.000902
1.000482
1.00489
1.001719
1.004172
8.864733
2.106089
1
1.222182
1.000023
1
1
1
1
1
1
1
1
8.874675
8.873818
8.874459
8.8739
8.874675
8.873817
8.874459
8.873815
8.861692
8.874043
8.871207
8.873897
8.866498
8.874044
1.467528
1
1.015055
1
1.260608
1.000286
8.865091
8.891512
8.892124
8.891544
8.892048
8.891512
8.892126
8.891545
1
1
1
1.000001
1
1.000001
1
1
8.869476
8.869481
8.867267
1.026231
1.974717
5.598598
8.864841
8.865757
1.797598
8.865233
1.342746
8.865279
1.265161
8.872267
8.872772
8.872264
8.872682
8.872266
8.872772
8.872263
5.958787
1.768034
8.86454
1.00001
1.00001
1.00001
1.000006
8.873704
8.875391
8.876044
8.875378
8.876065
8.87269
8.876044
8.875385
8.874625
8.875229
8.874711
8.875453
8.874613
8.875236
8.817004
8.854127
8.823974
8.868593
8.855383
8.868897
8.858256
8.878321
8.877554
8.877497
8.878111
8.878321
8.877554
8.877498
8.87652
8.876603
8.876978
8.876051
8.87652
8.876603
8.876978
1
1
1
1
1
1
1
1.005129
1.005158
1
1
1
1
1
8.887283
8.890254
8.888997
8.888852
8.887322
8.89024
8.888992
8.772131
8.758859
8.773963
8.851159
8.775196
8.848609
8.772039
8.863691
8.840739
8.858484
8.835186
8.856489
8.846178
8.862045
8.86626
5.870567
5.979386
8.86923
8.869142
8.869404
8.67574
8.893046
8.89319
8.893045
8.892876
8.893006
8.892877
8.893006
8.876012
8.875236
8.876025
8.875033
8.875217
8.872129
8.875342
1.013945
1.293242
1
1
1.000128
1.050773
1
1
1
1
1
1
1
1
8.878348
8.878401
8.878818
8.877932
8.878348
8.878401
8.878818
1.010325
1.067086
1.010134
1.026117
1.032421
1.008718
1.19603
1
1.001679
1
1
1
8.865575
1.185982
1.00104
1.000671
1
1
1.000714
1.000471
1
1.360295
1.647428
1.000404
1.000106
1
1
1
8.868578
8.667148
8.650366
8.863789
8.869068
8.839509
8.869192
1
1
1
1
1
1
1
8.864456
1.300131
8.864821
4.841297
1.173664
8.864127
8.864112
8.865984
8.865976
8.866258
8.865444
8.865608
1.653564
8.866177
1.762766
1.37139
8.865341
1.146102
1.076507
1.401017
2.83822
8.877701
8.878169
8.877701
8.879294
8.879835
8.879294
8.879835
8.869523
8.869612
8.870032
8.869789
8.869522
8.869611
8.870032
8.877049
8.878136
8.878418
8.87763
8.877161
8.878124
8.878417
8.869556
6.215327
5.047185
6.933059
8.868965
7.057043
5.017069
1.389803
8.864615
8.864442
4.706815
1.920705
1.160174
8.864912
1.071185
1.000114
1
1
1.256452
5.79159
1.25199
8.802731
8.804257
8.859508
8.848704
8.796586
8.858429
8.835552
8.86991
8.869739
8.8702
8.870384
8.869912
8.869745
8.870199
8.869442
8.867154
8.869277
8.868804
8.869442
8.866966
8.869261
2.110587
1.042568
1.118632
8.865774
8.865735
8.865569
8.86549
1.174835
7.261615
8.864087
1.013426
1
1
1
1.501413
8.856587
1.407696
3.031069
1.460219
2.097335
1.401868
1.730932
8.866262
2.065773
1.389912
1.527655
8.866244
8.866348
8.871747
8.87143
8.87182
8.871254
8.871747
8.87143
8.87182
8.877599
8.87679
8.877495
8.876856
8.877601
8.87638
8.877497
8.878768
8.878809
8.878115
8.878056
8.878768
8.878809
8.878117
8.877884
8.878306
8.87876
8.878324
8.877623
8.878091
8.878719
8.850286
8.873085
8.778092
8.871149
8.874387
8.874024
8.871109
1.837375
2.668202
1.006058
1.179298
1.5667
1
1.00018
1.338296
1.188407
1.25368
1.200563
1.367904
1.284661
1.331028
8.889218
8.892074
8.892156
8.890198
8.889216
8.892074
8.892156
1.004497
1
1
1
1
1
1
8.878607
8.879634
8.879669
8.878767
8.878465
8.879642
8.879698
8.883291
8.880608
8.879047
8.881803
8.883337
8.880632
8.879135
1
1
1
1
1
1
1
8.874727
8.875449
8.875256
8.874864
8.874765
8.875449
8.875256
1.141581
1.223466
1.082431
1.093326
1.229721
1.185681
1.095371
1.293922
1.316636
1.001148
1.182445
1.318129
1.330244
1.001138
8.873405
8.872395
8.872858
8.874407
8.873168
8.871066
8.873883
8.878754
8.879639
8.879274
8.878716
8.878754
8.879639
8.879274
8.870581
8.876429
8.871821
8.866533
8.873297
8.875524
8.874381
1
1
1
1
1
1
1
8.860284
8.86516
8.861608
8.867583
8.858966
8.864628
8.860666
8.867319
8.867717
8.869146
8.869101
8.866025
8.86738
8.869099
1
1
1
1
1
1
1
8.893385
8.893624
8.893385
8.893399
8.893182
8.893399
8.893182
8.644122
8.869763
8.854858
8.869973
8.871585
8.755461
8.808851
8.872457
8.870314
8.872053
8.870986
8.873551
8.815072
8.871871
8.830418
8.861288
8.845958
8.870209
8.870385
8.870723
8.869595
1.00258
1
1.000016
8.865799
2.222714
8.866093
1.163074
8.874297
8.875012
8.874681
8.874077
8.874297
8.875012
8.874681
1
1
1
1
1
1
1
1
1
1
1
1
1
1
8.864255
8.69575
8.863902
1.008846
1.007846
1.009026
1.300919
1.476873
1.210218
1.464804
1.12981
1.239153
1.203264
1.063468
1.001795
1
1.039225
1.00546
1.001434
1
1.037532
8.872129
8.87173
8.872076
8.872465
8.872129
8.871729
8.872076
8.877884
8.878221
8.877884
8.8807
8.8803
8.8807
8.8803
8.87847
8.879565
8.879083
8.878766
8.87847
8.879565
8.879084
8.856405
8.877022
8.874922
8.870941
8.873718
8.877107
8.875657
8.780355
1.269574
1.241712
1.464915
8.865728
8.865166
8.864861
8.881396
8.880937
8.880446
8.880651
8.880937
8.880446
8.880651
8.872949
8.875177
8.878934
8.881681
8.8649
8.877315
8.879405
8.879527
8.880046
8.879456
8.880204
8.879527
8.880046
8.879456
1.286364
1.32047
1.33645
1.336369
1.261525
1.320436
1.364157
8.879876
8.880361
8.879639
8.880236
8.879872
8.880362
8.879641
8.864476
1.224849
8.864365
8.864879
1.04695
8.864849
8.86543
1
1.00002
1
1
1.000005
1.00941
1
1.020806
1.014792
1.038388
1.050226
1.020943
1.0125
1.044999
1.227096
1.201334
1.079309
1.086699
1.207091
1.244208
1.09905
8.8741
8.871962
8.867865
8.871763
8.873984
8.871475
8.866812
1.304931
1.109447
8.864132
8.865364
1.813618
8.864531
8.865135
1
1
1
1.00333
1.000255
1.007614
1.002049
8.86565
1.000107
1
1
1.824314
8.865788
8.865199
8.880217
8.879753
8.880619
8.880253
8.880217
8.879753
8.880619
8.881778
8.881761
8.880248
8.881761
8.880248
8.881219
8.881219
8.894307
8.894067
8.893928
8.894067
8.893928
8.893691
8.893691
)
;

boundaryField
{
    buWall
    {
        type            calculated;
        value           nonuniform List<scalar> 
2480
(
8.881701
8.87542
8.884763
8.88057
8.870131
8.867667
8.876153
8.870999
8.876865
8.892422
8.874635
8.868598
8.880745
8.871906
8.864975
8.873719
8.872434
8.879348
8.879573
8.870132
8.871624
8.876534
8.877038
8.876135
8.871467
8.870717
8.870015
8.88113
8.870735
8.870978
8.870464
8.862489
8.872725
8.871302
8.871907
8.874865
8.877643
8.872242
8.871052
8.875124
8.875003
8.875441
8.880241
8.870391
8.864592
8.870465
8.873393
8.869849
8.873782
8.865348
8.871114
8.877662
8.876597
8.87487
8.878549
8.875637
8.877418
8.888283
8.8748
8.888009
8.866106
8.878457
8.878132
8.880798
8.865102
8.871319
8.863711
8.877977
8.868562
8.879209
8.873604
8.878759
8.884819
8.872159
8.871728
8.871032
8.879744
8.875727
8.872857
8.869464
8.879462
8.870072
8.870134
8.880866
8.875138
8.876412
8.871579
8.872239
8.870768
8.871432
8.872445
8.872111
8.871843
8.871604
8.875812
8.870184
8.869959
8.877507
8.874254
8.871703
8.872675
8.872423
8.880246
8.873648
8.875218
8.87108
8.880881
8.880678
8.881006
8.876092
8.873639
8.876617
8.872652
8.873695
8.873021
8.884478
8.8732
8.873973
8.873141
8.871947
8.875819
8.878089
8.88003
8.872077
8.870694
8.880691
8.869375
8.872798
8.878219
8.875442
8.88012
8.87236
8.869545
8.87338
8.873953
8.872296
8.871978
8.873763
8.872802
8.872088
8.872239
8.874495
8.871572
8.866561
8.86962
8.866666
8.871549
8.872194
8.868248
8.875404
8.87239
8.870846
8.8665
8.876472
8.877228
8.869855
8.865636
8.869921
8.868645
8.86755
8.868797
8.869405
8.867804
8.88164
8.86503
8.872451
8.873149
8.876896
8.871124
8.878576
8.86998
8.875152
8.870176
8.87252
8.869473
8.872596
8.874508
8.866589
8.870819
8.865636
8.869838
8.866682
8.866567
8.869719
8.867182
8.865447
8.867575
8.870427
8.876403
8.867128
8.873071
8.876985
8.877073
8.863943
8.87755
8.874787
8.877138
8.864566
8.877244
8.870524
8.865194
8.86783
8.877346
8.87271
8.872738
8.872871
8.872783
8.872785
8.872839
8.872806
8.869747
8.872356
8.871934
8.875441
8.872884
8.869988
8.8793
8.873132
8.874201
8.864089
8.881671
8.868707
8.875649
8.870593
8.86572
8.877867
8.892609
8.870103
8.8724
8.867171
8.871684
8.870717
8.888277
8.868066
8.870212
8.868158
8.879852
8.871159
8.867547
8.871003
8.868302
8.866387
8.881236
8.874615
8.869822
8.871113
8.871963
8.88021
8.875015
8.869927
8.869591
8.871566
8.874211
8.872328
8.874776
8.868003
8.87988
8.871613
8.871738
8.871919
8.869027
8.870959
8.872213
8.868638
8.891633
8.881778
8.876383
8.872033
8.872798
8.869094
8.868943
8.870818
8.872948
8.866782
8.868752
8.86971
8.879105
8.871133
8.870444
8.869764
8.865538
8.869335
8.86811
8.872312
8.873399
8.877792
8.873018
8.868504
8.873206
8.868609
8.873141
8.868239
8.868429
8.87439
8.879123
8.870729
8.868986
8.86448
8.862369
8.879325
8.868146
8.865251
8.871166
8.876264
8.868849
8.870069
8.868458
8.876005
8.879974
8.876742
8.870486
8.867753
8.877867
8.867911
8.871172
8.872439
8.876823
8.872348
8.874746
8.867592
8.86773
8.867442
8.867582
8.868322
8.867428
8.867504
8.867701
8.867584
8.867866
8.867414
8.874761
8.874263
8.876422
8.872288
8.876252
8.878006
8.871458
8.877026
8.875706
8.871981
8.864941
8.868036
8.86818
8.869146
8.868819
8.868487
8.870765
8.878014
8.877287
8.880846
8.885111
8.871261
8.879405
8.877113
8.875142
8.871552
8.873227
8.870073
8.87872
8.872159
8.87491
8.874842
8.870624
8.874098
8.871839
8.882251
8.866955
8.869735
8.869394
8.880103
8.871788
8.871178
8.874169
8.878604
8.874988
8.867073
8.870011
8.870063
8.870105
8.870423
8.882915
8.868431
8.878789
8.870065
8.872566
8.874119
8.874089
8.873804
8.87391
8.87387
8.877373
8.869973
8.8687
8.870042
8.863409
8.877845
8.867458
8.873014
8.870665
8.878746
8.870838
8.874038
8.873909
8.871368
8.871215
8.870372
8.875947
8.864312
8.866082
8.863198
8.867164
8.872815
8.87697
8.869124
8.871344
8.86493
8.865717
8.870363
8.878815
8.876801
8.873664
8.870414
8.8756
8.873752
8.880056
8.87486
8.870177
8.892008
8.866146
8.871138
8.872833
8.871205
8.871806
8.87606
8.869512
8.870844
8.870307
8.878917
8.872522
8.867551
8.89266
8.876623
8.869802
8.866366
8.870104
8.871103
8.872565
8.869899
8.879219
8.87307
8.869108
8.875799
8.877808
8.869241
8.87295
8.877804
8.86698
8.892718
8.870607
8.870207
8.869406
8.873637
8.869285
8.875476
8.867225
8.878556
8.875725
8.868127
8.865022
8.872304
8.868072
8.871886
8.878706
8.874803
8.869512
8.872101
8.87133
8.878407
8.876685
8.879387
8.869712
8.880919
8.881723
8.881675
8.88088
8.869076
8.871026
8.876071
8.869753
8.878807
8.892919
8.892278
8.869866
8.891208
8.876812
8.872572
8.868284
8.87563
8.876592
8.871442
8.873718
8.869722
8.871861
8.868922
8.869571
8.887139
8.878497
8.867904
8.871492
8.893291
8.874793
8.876845
8.870928
8.878032
8.868774
8.880851
8.861128
8.869671
8.87041
8.873818
8.873594
8.86873
8.891512
8.865982
8.877163
8.869134
8.872267
8.869263
8.876065
8.875467
8.874518
8.878111
8.876051
8.870979
8.870035
8.888857
8.866541
8.868195
8.876867
8.893191
8.875401
8.869391
8.870283
8.877932
8.869834
8.870449
8.863767
8.868707
8.874133
8.872283
8.86972
8.869244
8.869645
8.879816
8.869523
8.877226
8.872358
8.869882
8.876591
8.866724
8.870384
8.869442
8.870372
8.869387
8.865786
8.870558
8.871254
8.876856
8.878768
8.877901
8.875442
8.869057
8.862077
8.890199
8.869566
8.878823
8.883338
8.868901
8.874906
8.863089
8.87077
8.874001
8.878754
8.876435
8.867207
8.867775
8.86917
8.867863
8.893624
8.873944
8.875113
8.875089
8.872249
8.874297
8.866183
8.867146
8.868238
8.862824
8.863211
8.872465
8.880755
8.87847
8.87852
8.868398
8.881396
8.882029
8.880046
8.861005
8.879876
8.869821
8.8718
8.863508
8.861414
8.876326
8.868123
8.861858
8.870184
8.880253
8.881761
8.894067
8.880819
8.88076
8.88168
8.87546
8.874795
8.874846
8.882885
8.885331
8.887176
8.881377
8.881301
8.880481
8.870017
8.869039
8.869059
8.868146
8.868233
8.867746
8.875333
8.875405
8.87616
8.870994
8.871758
8.870525
8.877184
8.878291
8.877844
8.892741
8.892654
8.892395
8.874848
8.87553
8.875207
8.868475
8.868967
8.86904
8.8802
8.880537
8.881318
8.872166
8.872194
8.871662
8.864834
8.864936
8.865244
8.875377
8.874136
8.873312
8.873024
8.872641
8.872061
8.879259
8.880057
8.880124
8.878671
8.878963
8.879796
8.871022
8.870964
8.870469
8.870108
8.871707
8.870882
8.877018
8.877673
8.87714
8.877104
8.877645
8.877588
8.875417
8.875405
8.876095
8.871972
8.87154
8.87105
8.871281
8.871643
8.870976
8.869609
8.869235
8.870868
8.880328
8.880402
8.88122
8.871078
8.870661
8.870626
8.871316
8.871813
8.87155
8.869941
8.86915
8.868671
8.862843
8.862862
8.862311
8.872753
8.87249
8.872255
8.871717
8.871581
8.870929
8.871694
8.870878
8.871471
8.874996
8.875525
8.875405
8.877231
8.87725
8.877713
8.872305
8.871576
8.871639
8.871303
8.872138
8.871984
8.875891
8.87535
8.874776
8.875423
8.876012
8.875432
8.87562
8.874952
8.874932
8.880251
8.879524
8.879496
8.870844
8.87143
8.871816
8.864205
8.864549
8.86404
8.870589
8.871132
8.871368
8.873453
8.874038
8.873975
8.870135
8.870723
8.869309
8.873189
8.873308
8.873892
8.8652
8.865182
8.864972
8.870676
8.870726
8.871221
8.877339
8.880357
8.881062
8.877505
8.877264
8.876388
8.874845
8.875222
8.875362
8.879386
8.879153
8.87857
8.874999
8.87522
8.875841
8.876731
8.876241
8.876789
8.886494
8.889461
8.890043
8.874621
8.874092
8.874296
8.888798
8.8852
8.883995
8.865986
8.866235
8.866522
8.879076
8.878931
8.878349
8.878744
8.878738
8.878109
8.881619
8.881638
8.88085
8.864947
8.864956
8.865116
8.870767
8.871406
8.871461
8.862689
8.86327
8.864031
8.877929
8.877337
8.877351
8.867992
8.867471
8.868284
8.878557
8.878635
8.879318
8.873396
8.872679
8.872971
8.87925
8.881398
8.880495
8.887162
8.88545
8.883397
8.872519
8.872105
8.871706
8.872243
8.872135
8.871584
8.87044
8.869965
8.871213
8.880468
8.880301
8.879575
8.875752
8.87632
8.876295
8.872504
8.872044
8.872433
8.8689
8.870451
8.868398
8.879417
8.880181
8.880218
8.869958
8.870526
8.870642
8.870136
8.870239
8.869701
8.881645
8.881651
8.880863
8.8749
8.874468
8.87469
8.876385
8.875827
8.876019
8.87056
8.87061
8.871092
8.871973
8.871663
8.872336
8.871346
8.871202
8.870679
8.87173
8.872175
8.871728
8.872533
8.872832
8.872869
8.872615
8.872852
8.872608
8.871888
8.871251
8.871156
8.871835
8.872342
8.872121
8.876492
8.8767
8.876079
8.870622
8.870074
8.86961
8.870322
8.870252
8.87076
8.876933
8.876983
8.877542
8.87468
8.874437
8.873959
8.871634
8.8721
8.872108
8.87306
8.873255
8.872896
8.871886
8.872063
8.872621
8.881031
8.88091
8.880147
8.873201
8.873404
8.873771
8.87483
8.874599
8.87496
8.871349
8.871909
8.871737
8.881738
8.881754
8.880927
8.880802
8.881535
8.881462
8.881784
8.881779
8.881006
8.876027
8.876657
8.876708
8.873492
8.873943
8.874027
8.875947
8.876251
8.876962
8.872304
8.871868
8.872258
8.87399
8.874322
8.874049
8.873439
8.87303
8.872908
8.892666
8.892344
8.887815
8.873623
8.873835
8.873338
8.873676
8.873129
8.873373
8.873476
8.873717
8.873401
8.872321
8.8727
8.872372
8.876473
8.876973
8.876446
8.879612
8.878882
8.877593
8.880776
8.880628
8.879897
8.870371
8.869827
8.871774
8.870301
8.87222
8.870842
8.88161
8.881578
8.880543
8.868995
8.871105
8.869385
8.873141
8.873993
8.873386
8.878747
8.878602
8.878111
8.875678
8.876317
8.87607
8.879233
8.879361
8.88012
8.872489
8.873063
8.872947
8.86995
8.8702
8.869661
8.873208
8.872653
8.872857
8.873428
8.873707
8.874216
8.872643
8.873172
8.87286
8.871473
8.871131
8.871808
8.873916
8.87446
8.874319
8.87338
8.873167
8.87279
8.872395
8.873011
8.872541
8.872606
8.873094
8.872785
8.874824
8.875363
8.875138
8.871629
8.871241
8.871195
8.867104
8.867149
8.866702
8.87227
8.869268
8.870861
8.866161
8.866423
8.866923
8.87077
8.871382
8.871736
8.871701
8.871835
8.872247
8.867671
8.867644
8.868179
8.874968
8.875259
8.87569
8.871885
8.872174
8.872497
8.870452
8.870456
8.870826
8.866002
8.86609
8.866616
8.876028
8.875784
8.876806
8.877564
8.878229
8.877904
8.869821
8.870264
8.870253
8.865295
8.864933
8.864904
8.869694
8.869363
8.869611
8.868231
8.86776
8.868015
8.867305
8.866829
8.867067
8.868358
8.868379
8.868981
8.869947
8.86909
8.869173
8.86721
8.867379
8.86796
8.880786
8.880836
8.881646
8.865022
8.86556
8.865572
8.87291
8.873778
8.873311
8.873648
8.87349
8.872946
8.877474
8.87744
8.876868
8.871596
8.872209
8.871731
8.880482
8.88357
8.880142
8.869893
8.870246
8.870262
8.874559
8.874615
8.875186
8.870626
8.871089
8.870618
8.873242
8.873156
8.872513
8.86988
8.870228
8.869799
8.873073
8.872948
8.872557
8.875145
8.875161
8.874438
8.866591
8.866072
8.866079
8.87059
8.870112
8.87033
8.865118
8.865399
8.865908
8.869626
8.869137
8.869345
8.866411
8.867176
8.867669
8.866338
8.865908
8.866086
8.86971
8.870237
8.870193
8.867168
8.867719
8.867751
8.864746
8.865001
8.86557
8.868236
8.870205
8.869419
8.870207
8.870232
8.869809
8.875779
8.876108
8.876639
8.867373
8.866807
8.866967
8.873296
8.873794
8.873577
8.876921
8.87773
8.877911
8.876723
8.877412
8.877821
8.863657
8.86296
8.863659
8.877324
8.878031
8.878082
8.875568
8.875523
8.874942
8.877292
8.878029
8.877987
8.864973
8.864618
8.864147
8.877114
8.877963
8.877994
8.871795
8.871901
8.869139
8.865281
8.865648
8.865542
8.868106
8.867464
8.867069
8.877318
8.878015
8.878005
8.872845
8.873322
8.873246
8.872762
8.873294
8.873273
8.873327
8.873263
8.872649
8.872813
8.873324
8.873285
8.872796
8.873403
8.873374
8.872852
8.873463
8.873433
8.87309
8.87279
8.87249
8.871036
8.871429
8.870895
8.872316
8.871754
8.871786
8.872144
8.872376
8.872079
8.875238
8.875533
8.875693
8.87293
8.873509
8.873485
8.871008
8.869979
8.870565
8.880049
8.879966
8.879177
8.872508
8.871858
8.870931
8.874421
8.874064
8.87384
8.864872
8.864165
8.863652
8.880839
8.880741
8.881659
8.86925
8.869417
8.868816
8.876045
8.87537
8.875066
8.870518
8.870996
8.871055
8.866436
8.866562
8.866083
8.877796
8.877286
8.877313
8.893037
8.892862
8.892488
8.870891
8.87155
8.871143
8.872382
8.871826
8.871887
8.867085
8.867264
8.866913
8.871486
8.870926
8.871222
8.870624
8.869885
8.870282
8.886751
8.883687
8.88523
8.867225
8.86694
8.86625
8.871621
8.870718
8.872752
8.867972
8.867511
8.867613
8.878992
8.879353
8.880057
8.871522
8.871544
8.870285
8.867915
8.868033
8.867597
8.871663
8.871693
8.871123
8.868724
8.868898
8.868489
8.867103
8.866888
8.867605
8.88049
8.879818
8.88027
8.874314
8.874648
8.874921
8.870403
8.870566
8.870006
8.87174
8.871299
8.87166
8.871984
8.872366
8.872429
8.87969
8.878376
8.878702
8.875365
8.875614
8.875254
8.868732
8.868168
8.870229
8.869698
8.869315
8.869162
8.871269
8.871621
8.871888
8.873616
8.873813
8.874313
8.872121
8.871514
8.871837
8.874418
8.874356
8.874717
8.86843
8.868572
8.868138
8.880033
8.879237
8.879034
8.871586
8.872088
8.8721
8.872063
8.871682
8.871483
8.871943
8.871357
8.87131
8.869632
8.869901
8.869349
8.871365
8.871551
8.87151
8.87125
8.871875
8.871762
8.868952
8.8702
8.870432
8.892215
8.892492
8.892246
8.880989
8.880963
8.881771
8.876563
8.875922
8.87574
8.871812
8.87106
8.872316
8.872568
8.872067
8.872301
8.869751
8.871548
8.869697
8.869599
8.869897
8.869679
8.871212
8.871413
8.871334
8.872972
8.873566
8.873539
8.865965
8.865599
8.866431
8.870372
8.868393
8.867849
8.86922
8.869071
8.86961
8.878879
8.879841
8.879958
8.871158
8.870772
8.870641
8.870342
8.870858
8.870927
8.870358
8.870759
8.869765
8.864556
8.864991
8.866061
8.870314
8.870592
8.870493
8.868377
8.868451
8.86885
8.872553
8.872218
8.871969
8.873696
8.874187
8.873891
8.877983
8.877491
8.87712
8.873489
8.873897
8.873482
8.868852
8.868328
8.867957
8.872628
8.872623
8.873219
8.868904
8.868498
8.868321
8.872615
8.872623
8.873181
8.868377
8.870132
8.869385
8.86868
8.87008
8.869669
8.87466
8.874239
8.874004
8.878885
8.877645
8.878033
8.870791
8.870243
8.870164
8.869052
8.869761
8.870082
8.864423
8.863796
8.863948
8.861498
8.862017
8.862911
8.878873
8.879318
8.87984
8.868294
8.869316
8.869549
8.865546
8.865243
8.865621
8.87006
8.868869
8.869895
8.876272
8.875752
8.875714
8.868637
8.868132
8.868354
8.869908
8.871793
8.870183
8.868682
8.870254
8.868468
8.875437
8.875534
8.876016
8.879349
8.879311
8.879887
8.876761
8.876209
8.87615
8.868663
8.870229
8.868076
8.867716
8.868292
8.868377
8.878068
8.879455
8.879375
8.868004
8.869509
8.869414
8.871057
8.869996
8.871065
8.871946
8.871865
8.872395
8.876279
8.876629
8.877174
8.871787
8.871712
8.872277
8.875197
8.875153
8.876129
8.868403
8.868959
8.867915
8.86743
8.868978
8.867905
8.867429
8.868892
8.868134
8.867586
8.868028
8.868634
8.868018
8.869046
8.868989
8.867435
8.86773
8.868792
8.86757
8.86882
8.868545
8.867581
8.868539
8.868681
8.86752
8.868782
8.868108
8.868077
8.868936
8.86939
8.867593
8.869261
8.869061
8.875309
8.875238
8.87468
8.873692
8.873755
8.874351
8.876088
8.875896
8.876215
8.872869
8.872823
8.872271
8.876005
8.876663
8.876945
8.877386
8.877677
8.878153
8.871407
8.871977
8.872018
8.877486
8.877972
8.877555
8.87511
8.875374
8.876031
8.871984
8.870189
8.871466
8.864846
8.863809
8.864547
8.868118
8.868892
8.869034
8.868319
8.869775
8.868561
8.868637
8.868609
8.869093
8.869211
8.869406
8.869046
8.87043
8.868647
8.869211
8.87042
8.870353
8.870701
8.877965
8.878677
8.878725
8.87733
8.876677
8.876648
8.880636
8.877773
8.877694
8.883512
8.880983
8.882223
8.871303
8.870982
8.871537
8.878694
8.878734
8.879479
8.877433
8.879153
8.879743
8.875304
8.875805
8.875659
8.871506
8.872049
8.872071
8.873566
8.87393
8.873556
8.869561
8.869377
8.869835
8.87869
8.878049
8.878084
8.870228
8.871465
8.872098
8.87554
8.875659
8.875137
8.874215
8.874293
8.874957
8.871007
8.870942
8.870572
8.874474
8.874389
8.874004
8.871991
8.872074
8.872023
8.878663
8.895992
8.895848
8.866924
8.866477
8.866484
8.86836
8.872069
8.87016
8.869677
8.86918
8.869097
8.879376
8.8794
8.880114
8.870068
8.870304
8.870245
8.871217
8.870689
8.870873
8.874784
8.874762
8.874138
8.87846
8.877803
8.877957
8.874655
8.874307
8.874613
8.866538
8.866533
8.867067
8.867842
8.871105
8.869787
8.87031
8.870726
8.871354
8.870088
8.869721
8.869767
8.870324
8.86989
8.869912
8.881463
8.885473
8.887034
8.868211
8.868713
8.868784
8.879593
8.87954
8.878767
8.869158
8.870534
8.869354
8.872596
8.872707
8.870074
8.874749
8.874741
8.874104
8.874734
8.87473
8.874071
8.874352
8.874307
8.873779
8.874467
8.874247
8.873814
8.8738
8.874259
8.874516
8.877426
8.876741
8.876705
8.86914
8.869248
8.869196
8.868386
8.868543
8.867812
8.870659
8.8708
8.870169
8.862632
8.863031
8.864058
8.877656
8.87846
8.878583
8.86735
8.866769
8.867295
8.872998
8.873657
8.873611
8.871151
8.870965
8.870505
8.878748
8.878158
8.878196
8.871248
8.871199
8.870737
8.874687
8.874601
8.873979
8.874686
8.874496
8.87384
8.870774
8.871157
8.870982
8.870878
8.871079
8.871166
8.870581
8.869674
8.869772
8.876052
8.876573
8.876493
8.86402
8.863327
8.863601
8.865553
8.866047
8.866289
8.862022
8.861346
8.862595
8.867159
8.866884
8.866662
8.872723
8.872545
8.872971
8.876315
8.875858
8.876486
8.869447
8.869415
8.869148
8.871119
8.870658
8.87086
8.865634
8.866086
8.865562
8.866954
8.866577
8.865436
8.869804
8.869616
8.870154
8.87825
8.878166
8.878817
8.876676
8.876169
8.876304
8.874133
8.874266
8.873713
8.869897
8.869648
8.869666
8.876007
8.87653
8.876057
8.874253
8.87412
8.873694
8.879485
8.879384
8.880101
8.874513
8.874016
8.874337
8.868841
8.868503
8.870608
8.891975
8.890955
8.890569
8.866609
8.86869
8.866932
8.872259
8.871386
8.871112
8.873189
8.873754
8.87328
8.871351
8.870038
8.870182
8.87157
8.871076
8.871311
8.875709
8.875987
8.876472
8.868956
8.868854
8.869401
8.87079
8.87135
8.87154
8.870684
8.869197
8.869179
8.879304
8.879858
8.879571
8.873131
8.873145
8.872536
8.866983
8.866332
8.866472
8.892556
8.892033
8.892302
8.876556
8.877035
8.877208
8.87036
8.870898
8.869848
8.865737
8.866758
8.867224
8.870834
8.870824
8.870551
8.871013
8.871322
8.871457
8.873172
8.873204
8.872598
8.870573
8.870232
8.870363
8.879959
8.882119
8.881029
8.87342
8.873841
8.873501
8.869269
8.868749
8.868628
8.875863
8.876422
8.876364
8.877114
8.876629
8.877333
8.869057
8.868416
8.868993
8.872841
8.873235
8.873549
8.877718
8.877191
8.877302
8.867825
8.867592
8.867026
8.892687
8.892471
8.892542
8.870272
8.870471
8.870886
8.870752
8.870976
8.870448
8.869456
8.869066
8.869012
8.874203
8.874113
8.873532
8.869287
8.86929
8.869556
8.875325
8.875779
8.87588
8.866751
8.867026
8.867475
8.877667
8.877295
8.877768
8.875965
8.876622
8.876238
8.867611
8.867598
8.86811
8.864838
8.864339
8.864929
8.872322
8.871927
8.871504
8.868876
8.870047
8.869548
8.871324
8.870115
8.871645
8.879341
8.879127
8.878633
8.874568
8.874879
8.875281
8.869636
8.870103
8.869119
8.870488
8.870766
8.871573
8.870715
8.871133
8.871712
8.878034
8.878669
8.878891
8.876503
8.876858
8.877082
8.880045
8.880097
8.879402
8.869482
8.869051
8.870294
8.881732
8.881678
8.880765
8.881806
8.881179
8.880926
8.881624
8.880924
8.880995
8.881159
8.881807
8.881736
8.86943
8.869802
8.870419
8.869811
8.868932
8.86951
8.875728
8.875603
8.875976
8.869547
8.86995
8.870088
8.878764
8.87824
8.878306
8.892791
8.892607
8.892736
8.891802
8.890573
8.891437
8.869946
8.868602
8.870394
8.890101
8.8911
8.891777
8.876132
8.876233
8.876844
8.872597
8.873072
8.872409
8.868054
8.867788
8.867709
8.876191
8.875725
8.875229
8.877161
8.877959
8.877381
8.870386
8.869985
8.870399
8.873863
8.874396
8.874181
8.869757
8.868742
8.870925
8.871618
8.871906
8.872201
8.870055
8.869577
8.870054
8.869346
8.868669
8.868474
8.889068
8.890769
8.889533
8.881525
8.880885
8.877314
8.86772
8.867374
8.867456
8.871099
8.868935
8.87009
8.892843
8.893292
8.893684
8.875458
8.875221
8.874549
8.877378
8.877253
8.876806
8.870687
8.869796
8.871371
8.878435
8.878857
8.878449
8.8706
8.869459
8.868994
8.881666
8.881618
8.880762
8.862155
8.861806
8.860881
8.86962
8.86846
8.868589
8.869941
8.869929
8.869891
8.874459
8.874676
8.8739
8.874165
8.874043
8.873442
8.869867
8.871216
8.87012
8.892124
8.892047
8.891544
8.866133
8.866411
8.867001
8.874626
8.87702
8.877672
8.869411
8.869845
8.869804
8.872772
8.872682
8.872264
8.869138
8.86881
8.869278
8.875393
8.875391
8.876044
8.874689
8.87471
8.875261
8.874907
8.875124
8.874833
8.878321
8.877554
8.877497
8.87652
8.876978
8.876603
8.870974
8.871413
8.871274
8.869726
8.869183
8.868877
8.890254
8.888997
8.88732
8.867105
8.867074
8.866532
8.868133
8.867616
8.867663
8.876026
8.876195
8.877095
8.893046
8.892876
8.893006
8.876014
8.876027
8.875391
8.870504
8.870005
8.869505
8.870716
8.870364
8.869778
8.878348
8.878818
8.878401
8.869587
8.869629
8.869971
8.872763
8.868893
8.871211
8.863412
8.863759
8.864213
8.868045
8.870115
8.86875
8.874797
8.875148
8.874627
8.872596
8.871733
8.872537
8.869231
8.869248
8.868836
8.86938
8.869827
8.869493
8.870212
8.869935
8.870445
8.879835
8.879294
8.879311
8.869612
8.870032
8.869889
8.878137
8.878418
8.877656
8.871879
8.871912
8.872366
8.868901
8.868919
8.869309
8.877982
8.878544
8.875065
8.867104
8.867476
8.867244
8.8702
8.869752
8.869919
8.869286
8.868808
8.868957
8.870418
8.871981
8.871868
8.868662
8.868469
8.868936
8.865227
8.865293
8.865596
8.871317
8.871329
8.871332
8.871747
8.87182
8.87143
8.87679
8.877498
8.877601
8.878809
8.878117
8.878062
8.878346
8.878789
8.878366
8.876058
8.876377
8.875743
8.87015
8.868923
8.869557
8.861546
8.861897
8.862213
8.889218
8.892156
8.892074
8.869396
8.870612
8.870684
8.879713
8.879643
8.878805
8.880885
8.879223
8.881803
8.8685
8.868368
8.868782
8.875449
8.875256
8.874781
8.862841
8.86225
8.862651
8.871514
8.871094
8.871107
8.873647
8.874137
8.874406
8.878716
8.879274
8.879639
8.876376
8.876799
8.876817
8.867602
8.866412
8.865937
8.867944
8.868459
8.868307
8.869102
8.868628
8.868695
8.866797
8.866668
8.868087
8.893385
8.893182
8.893399
8.87436
8.874834
8.874357
8.874753
8.875277
8.875698
8.875002
8.875274
8.875405
8.871421
8.871087
8.869216
8.875012
8.874681
8.874077
8.867902
8.870112
8.868783
8.867146
8.867734
8.867991
8.868621
8.868682
8.86832
8.863504
8.863818
8.862964
8.863008
8.862579
8.862401
8.87213
8.87173
8.872076
8.8807
8.8803
8.880292
8.879084
8.879565
8.878768
8.877293
8.87656
8.877442
8.868769
8.869824
8.86938
8.880651
8.880446
8.880937
8.879432
8.878396
8.880191
8.879456
8.879527
8.880204
8.860644
8.860943
8.861417
8.880362
8.880237
8.879642
8.868695
8.868873
8.869675
8.871555
8.872299
8.872172
8.863324
8.862923
8.863171
8.861906
8.862254
8.861799
8.876266
8.876778
8.87679
8.868424
8.869646
8.869021
8.860931
8.860821
8.861659
8.870488
8.870916
8.87017
8.880619
8.880217
8.879753
8.881219
8.881282
8.881778
8.894307
8.893928
8.893691
)
;
    }
    uWall
    {
        type            calculated;
        value           nonuniform List<scalar> 
96
(
8.882156
8.881787
8.881543
8.882012
8.880867
8.882024
8.881435
8.882163
8.881848
8.882165
8.881175
8.882068
8.880591
8.882055
8.882098
8.882169
8.882149
8.882099
8.881985
8.882138
8.893982
8.88207
8.882007
8.894314
8.882148
8.882148
8.882156
8.881786
8.881717
8.881718
8.881638
8.881638
8.881543
8.882012
8.882017
8.882017
8.880867
8.880706
8.880706
8.882024
8.882033
8.882033
8.881434
8.88131
8.88131
8.882163
8.882168
8.882168
8.8819
8.8819
8.881848
8.882165
8.882159
8.882159
8.881175
8.881025
8.881025
8.882068
8.882081
8.882081
8.880554
8.880554
8.880582
8.882044
8.882044
8.882055
8.882119
8.882119
8.882098
8.88217
8.88217
8.882169
8.882149
8.882135
8.882135
8.882099
8.882112
8.882112
8.881985
8.881947
8.881947
8.882127
8.882127
8.882138
8.893644
8.893644
8.893982
8.88207
8.88204
8.88204
8.882006
8.882006
8.882007
8.894314
8.894531
8.894531
)
;
    }
    outlet
    {
        type            calculated;
        value           nonuniform List<scalar> 
64
(
8.888538
8.862624
8.870753
8.866484
8.882173
8.867087
8.892509
8.86707
8.892437
8.892602
8.892323
8.889715
8.863361
8.892884
8.893304
8.893874
8.888552
8.886557
8.886435
8.871167
8.870838
8.863584
8.869489
8.871589
8.872104
8.866054
8.870797
8.870036
8.883195
8.87919
8.876784
8.862761
8.869324
8.868763
8.892418
8.892558
8.892558
8.871445
8.87633
8.873493
8.892349
8.892211
8.892319
8.892522
8.892585
8.892512
8.892323
8.891875
8.891873
8.890885
8.890888
8.88972
8.872831
8.873514
8.871538
8.892885
8.892713
8.892712
8.893304
8.893079
8.893079
8.893874
8.893512
8.893512
)
;
    }
    chamberWall
    {
        type            calculated;
        value           nonuniform List<scalar> 
96
(
8.872225
8.870899
8.869949
8.869247
8.870298
8.869878
8.868072
8.867773
8.868547
8.867401
8.867462
8.867229
8.867367
8.868093
8.867207
8.867293
8.867511
8.867368
8.867661
8.867204
8.882016
8.867629
8.867518
8.876936
8.873084
8.873038
8.872233
8.871505
8.871789
8.871343
8.87039
8.870687
8.870262
8.869573
8.869904
8.869708
8.868912
8.869516
8.869841
8.870918
8.869387
8.870473
8.868262
8.868338
8.86815
8.867907
8.868002
8.867817
8.867637
8.868905
8.869548
8.867455
8.867822
8.868205
8.86745
8.867721
8.867184
8.86717
8.867298
8.867217
8.867602
8.867364
8.867369
8.867472
8.867652
8.867759
8.86745
8.867169
8.867218
8.867239
8.867318
8.867358
8.867519
8.867482
8.867393
8.86731
8.867262
8.867306
8.867514
8.867919
8.867868
8.867166
8.867331
8.867388
8.895609
8.895599
8.877209
8.868361
8.867831
8.868187
8.867596
8.867601
8.867643
8.877442
8.875207
8.873978
)
;
    }
    inlet
    {
        type            calculated;
        value           nonuniform List<scalar> 
64
(
8.87489
8.870929
8.869941
8.873405
8.87291
8.868955
8.875384
8.866998
8.876864
8.871919
8.877848
8.878829
8.867975
8.879809
8.880786
8.881762
8.874396
8.874396
8.87489
8.870435
8.870435
8.870929
8.869447
8.869447
8.869941
8.873405
8.873901
8.873901
8.872415
8.872415
8.87291
8.868464
8.868464
8.868955
8.875384
8.875878
8.875878
8.866511
8.866511
8.866997
8.876371
8.876371
8.876864
8.871424
8.871424
8.871919
8.877356
8.877356
8.877848
8.878339
8.878339
8.878829
8.867486
8.867485
8.867974
8.879319
8.879319
8.879809
8.880298
8.880298
8.880786
8.881274
8.881274
8.881762
)
;
    }
    fuWall
    {
        type            calculated;
        value           nonuniform List<scalar> 
2480
(
8.881701
8.875418
8.884768
8.88057
8.871824
8.867665
8.876152
8.871
8.876861
8.892422
8.874628
8.868435
8.880745
8.871638
8.864933
8.875614
8.872435
8.879348
8.879573
8.870581
8.871692
8.876534
8.877038
8.876135
8.872359
8.870716
8.870276
8.881129
8.873267
8.87168
8.870285
8.862863
8.871252
8.870719
8.871411
8.874865
8.877642
8.872292
8.870995
8.875122
8.875
8.875438
8.880242
8.870304
8.864915
8.87047
8.873393
8.871172
8.873782
8.86542
8.871118
8.87766
8.876593
8.874867
8.878549
8.875632
8.877418
8.888284
8.8748
8.888008
8.866143
8.878456
8.878132
8.880798
8.865462
8.87163
8.863834
8.877977
8.86852
8.879208
8.873604
8.878763
8.884819
8.871899
8.871724
8.870242
8.879744
8.875727
8.872859
8.870494
8.879462
8.870069
8.870155
8.880866
8.875148
8.87641
8.871556
8.872142
8.870997
8.871445
8.87294
8.872706
8.871843
8.871604
8.87581
8.870457
8.870053
8.877507
8.874197
8.871707
8.872691
8.87242
8.880246
8.873748
8.875218
8.87108
8.880881
8.880678
8.881006
8.87609
8.87365
8.876616
8.872653
8.873689
8.872843
8.884474
8.873116
8.873956
8.873126
8.871947
8.875819
8.878093
8.880029
8.869665
8.871074
8.880691
8.869383
8.872809
8.878219
8.875435
8.880111
8.87236
8.869545
8.873379
8.873932
8.872738
8.871834
8.873763
8.872751
8.872078
8.87223
8.874496
8.871553
8.866545
8.871534
8.86667
8.870725
8.872239
8.868245
8.875403
8.872179
8.870941
8.86653
8.876478
8.877228
8.871465
8.865753
8.869896
8.86862
8.867571
8.868847
8.869562
8.867815
8.88164
8.865024
8.872459
8.873145
8.876896
8.871568
8.878574
8.870033
8.875152
8.870489
8.872519
8.869935
8.872598
8.874508
8.8666
8.870819
8.865646
8.869838
8.867547
8.86659
8.870522
8.86722
8.865435
8.868456
8.869996
8.876401
8.867143
8.873071
8.876984
8.877071
8.863948
8.877548
8.874788
8.877136
8.864598
8.877243
8.870067
8.865215
8.868021
8.877345
8.872683
8.872801
8.872984
8.872765
8.872778
8.872815
8.872797
8.870964
8.87235
8.872359
8.875438
8.872885
8.869641
8.8793
8.871899
8.874198
8.864168
8.881671
8.868706
8.875649
8.870593
8.865515
8.877867
8.892609
8.870698
8.872402
8.867162
8.871615
8.870767
8.888284
8.867434
8.87024
8.868157
8.879852
8.871149
8.867578
8.871003
8.86838
8.867033
8.881236
8.874613
8.869821
8.871254
8.871863
8.880248
8.875014
8.869686
8.869597
8.872888
8.874208
8.87232
8.874772
8.868047
8.879879
8.871616
8.871672
8.871918
8.869025
8.870923
8.872081
8.868781
8.891633
8.881778
8.876381
8.871191
8.872798
8.869372
8.868827
8.870907
8.872954
8.866788
8.869753
8.869701
8.879105
8.871138
8.870439
8.870504
8.865561
8.870047
8.868091
8.872383
8.873396
8.877792
8.873009
8.868578
8.873207
8.868606
8.873142
8.867821
8.868237
8.874379
8.879108
8.870726
8.868742
8.864467
8.862372
8.879325
8.867828
8.865563
8.869886
8.876264
8.868849
8.870032
8.868242
8.876005
8.879974
8.876741
8.87008
8.867745
8.877883
8.867997
8.871713
8.872424
8.876823
8.872344
8.876438
8.867646
8.867718
8.867383
8.867817
8.8677
8.867671
8.86745
8.867709
8.867526
8.867719
8.867375
8.874761
8.874264
8.87642
8.872288
8.87625
8.878006
8.871457
8.877026
8.875706
8.870569
8.864845
8.868236
8.868214
8.869145
8.868727
8.868472
8.870658
8.878014
8.877288
8.880845
8.885123
8.870508
8.879404
8.877111
8.875142
8.871554
8.873205
8.870078
8.87872
8.871998
8.874903
8.874842
8.870641
8.874074
8.871867
8.877444
8.866955
8.869148
8.869407
8.880103
8.870402
8.871183
8.874169
8.878604
8.87497
8.867068
8.870751
8.870478
8.870065
8.870301
8.882913
8.868409
8.878789
8.869073
8.872517
8.874119
8.874088
8.873792
8.873905
8.873867
8.877373
8.871277
8.868482
8.870311
8.863416
8.877845
8.867452
8.873004
8.870589
8.878746
8.870724
8.874034
8.87391
8.870124
8.871216
8.870382
8.875947
8.864275
8.866631
8.863197
8.867156
8.872652
8.876968
8.869112
8.871344
8.864738
8.865892
8.870361
8.878815
8.876801
8.873664
8.870332
8.875598
8.87374
8.880055
8.874857
8.870899
8.892008
8.865985
8.871909
8.872836
8.871261
8.871806
8.87606
8.869506
8.870823
8.871107
8.878917
8.872521
8.867539
8.89266
8.876624
8.869804
8.866334
8.872491
8.871024
8.872564
8.872273
8.879234
8.873051
8.869105
8.875799
8.877807
8.869166
8.872952
8.877804
8.866724
8.892726
8.870607
8.870206
8.870988
8.873637
8.869213
8.875474
8.86728
8.878554
8.875725
8.868125
8.865037
8.871873
8.868178
8.870985
8.878705
8.874803
8.870143
8.87069
8.871406
8.878406
8.876683
8.879387
8.870206
8.880919
8.881723
8.881675
8.88088
8.871719
8.87111
8.876069
8.869689
8.878807
8.892919
8.892279
8.869878
8.891208
8.876812
8.872167
8.868122
8.87563
8.876591
8.871475
8.873718
8.869697
8.871671
8.869886
8.869284
8.887144
8.878836
8.867904
8.870969
8.893291
8.874771
8.876845
8.871014
8.878032
8.870903
8.880851
8.861063
8.869242
8.870346
8.873817
8.873595
8.869257
8.891512
8.866762
8.874204
8.86991
8.872266
8.871266
8.876065
8.875468
8.874515
8.878111
8.876051
8.870809
8.868639
8.888858
8.86654
8.868194
8.876867
8.89319
8.875402
8.869851
8.870375
8.877932
8.870134
8.868792
8.863783
8.870171
8.874129
8.872116
8.868846
8.86923
8.870892
8.879816
8.869522
8.877225
8.872361
8.869599
8.876181
8.866723
8.870384
8.869442
8.870193
8.870812
8.865858
8.870523
8.871254
8.876856
8.878768
8.8779
8.875438
8.869191
8.861976
8.890198
8.870028
8.878823
8.88334
8.868086
8.874907
8.863076
8.870711
8.874002
8.878754
8.876434
8.86751
8.867774
8.869169
8.867644
8.893624
8.873932
8.87511
8.875085
8.869193
8.874297
8.868168
8.867041
8.869828
8.863239
8.863228
8.872465
8.880755
8.87847
8.878521
8.86848
8.881396
8.882035
8.880046
8.861017
8.879875
8.868807
8.87183
8.863505
8.861372
8.876324
8.868218
8.861873
8.868236
8.880253
8.881761
8.894067
8.88168
8.88076
8.880819
8.874844
8.874793
8.875457
8.88718
8.885334
8.882889
8.880481
8.881301
8.881377
8.871126
8.869077
8.87066
8.867685
8.868225
8.868143
8.87616
8.875404
8.875331
8.871238
8.869294
8.869028
8.877844
8.878295
8.877181
8.892395
8.892654
8.892741
8.875207
8.875528
8.874847
8.868912
8.868858
8.868235
8.881317
8.880537
8.8802
8.871626
8.872187
8.872159
8.86512
8.864851
8.864278
8.873929
8.876541
8.87684
8.872044
8.872621
8.873055
8.880124
8.880057
8.879259
8.879796
8.878963
8.878671
8.870421
8.870911
8.871019
8.870348
8.871924
8.869757
8.87714
8.877673
8.877018
8.877588
8.877645
8.877104
8.876095
8.875405
8.875416
8.873079
8.871545
8.871922
8.870975
8.871642
8.87128
8.871496
8.871658
8.869536
8.88122
8.880402
8.880328
8.872865
8.873113
8.87368
8.871669
8.872107
8.871558
8.870322
8.870249
8.869162
8.862283
8.862996
8.863134
8.871925
8.872548
8.873075
8.870963
8.871738
8.870959
8.871392
8.870871
8.8708
8.875405
8.875525
8.874996
8.877712
8.87725
8.87723
8.871664
8.871716
8.872209
8.871966
8.87197
8.871272
8.874772
8.875347
8.875889
8.875429
8.87601
8.875421
8.874923
8.874951
8.875618
8.879496
8.879524
8.880251
8.871713
8.871369
8.871194
8.863777
8.864469
8.864555
8.871375
8.871266
8.870593
8.873975
8.874038
8.873453
8.871666
8.870041
8.871045
8.873892
8.873308
8.873188
8.865206
8.865295
8.865174
8.871218
8.87088
8.870679
8.881061
8.880355
8.877337
8.876384
8.877254
8.877499
8.87536
8.875225
8.874853
8.87857
8.879153
8.879386
8.875836
8.875278
8.874991
8.876789
8.876241
8.876731
8.890043
8.889461
8.886494
8.874296
8.874092
8.874621
8.883993
8.885199
8.888798
8.866557
8.866271
8.865991
8.878349
8.878931
8.879076
8.878109
8.878738
8.878744
8.88085
8.881638
8.881619
8.865382
8.865307
8.865312
8.87211
8.871047
8.87226
8.864211
8.864316
8.863455
8.87735
8.877336
8.877928
8.868178
8.867487
8.867966
8.879318
8.878635
8.878557
8.872971
8.872679
8.873396
8.880502
8.881404
8.879254
8.883398
8.885452
8.887162
8.872034
8.872368
8.872525
8.871583
8.872065
8.87224
8.870263
8.871371
8.871308
8.879575
8.880301
8.880468
8.876295
8.87632
8.875752
8.872437
8.872046
8.872511
8.870702
8.869813
8.869519
8.880218
8.880181
8.879417
8.87064
8.870525
8.869955
8.869736
8.869744
8.870123
8.880863
8.881651
8.881645
8.874737
8.874466
8.874956
8.876017
8.875825
8.876383
8.871086
8.870625
8.87056
8.872208
8.871794
8.871598
8.870673
8.871192
8.871336
8.871719
8.87211
8.871778
8.872973
8.872619
8.872193
8.872622
8.873002
8.872606
8.871155
8.87125
8.871887
8.872121
8.872342
8.871835
8.876077
8.876698
8.87649
8.869692
8.87012
8.870514
8.870869
8.870174
8.870237
8.877542
8.876983
8.876933
8.874201
8.874488
8.874734
8.872109
8.872103
8.871637
8.872891
8.873251
8.87316
8.872618
8.872176
8.871885
8.880147
8.88091
8.88103
8.873761
8.873395
8.87312
8.874955
8.874595
8.874828
8.871737
8.871909
8.871349
8.880927
8.881754
8.881738
8.881462
8.881535
8.880802
8.881006
8.881779
8.881784
8.876707
8.876656
8.876026
8.874022
8.873959
8.873554
8.876964
8.876251
8.875947
8.872214
8.871844
8.872293
8.874032
8.874304
8.873984
8.872546
8.873339
8.873731
8.887812
8.892344
8.892666
8.873335
8.873865
8.873634
8.873368
8.873103
8.873621
8.87339
8.873707
8.873464
8.872376
8.872703
8.872324
8.876446
8.876973
8.876473
8.877594
8.878886
8.879617
8.879897
8.880628
8.880776
8.870069
8.869878
8.869495
8.871636
8.871964
8.870332
8.880543
8.881578
8.88161
8.8694
8.870516
8.869029
8.874373
8.875429
8.873783
8.87811
8.878601
8.878747
8.876064
8.876314
8.875673
8.88012
8.879361
8.87923
8.872947
8.873063
8.872489
8.86966
8.870199
8.86995
8.872857
8.872653
8.873208
8.874208
8.874117
8.874422
8.872872
8.873271
8.87287
8.87232
8.873873
8.871985
8.874319
8.87446
8.873916
8.872575
8.873225
8.873302
8.872534
8.873003
8.872408
8.872722
8.873085
8.872596
8.875138
8.875364
8.874825
8.871225
8.871367
8.871651
8.86669
8.867144
8.867097
8.868688
8.871301
8.872045
8.866922
8.866425
8.866166
8.870256
8.870706
8.870599
8.87224
8.871824
8.871694
8.868177
8.867641
8.867667
8.875688
8.875256
8.874992
8.872484
8.872164
8.871815
8.870822
8.870426
8.870494
8.866654
8.866133
8.866029
8.876701
8.875771
8.875555
8.877904
8.878229
8.877564
8.87153
8.87188
8.87143
8.865164
8.865123
8.865426
8.869592
8.869346
8.869688
8.868069
8.867766
8.868231
8.867089
8.866834
8.867301
8.868996
8.868379
8.868008
8.869231
8.8697
8.870028
8.867962
8.867376
8.867212
8.881646
8.880836
8.880786
8.865587
8.865568
8.865021
8.873264
8.874526
8.875274
8.872942
8.873452
8.873644
8.876868
8.877439
8.877474
8.872014
8.873092
8.871819
8.880139
8.883566
8.880478
8.870308
8.870268
8.870537
8.875186
8.874615
8.874559
8.870914
8.871131
8.8712
8.872512
8.873155
8.873242
8.87013
8.872741
8.87235
8.87256
8.872951
8.873075
8.874438
8.875161
8.875145
8.866089
8.866088
8.866608
8.870329
8.870112
8.87059
8.86592
8.865423
8.865128
8.869345
8.869136
8.869626
8.867238
8.86716
8.866472
8.866109
8.865947
8.866358
8.870189
8.871871
8.871717
8.867804
8.867797
8.867179
8.86559
8.864985
8.864782
8.869308
8.869697
8.870593
8.869817
8.870235
8.870215
8.876637
8.876106
8.875777
8.866989
8.866829
8.867373
8.873577
8.873794
8.873296
8.87791
8.87773
8.876921
8.87782
8.877411
8.876721
8.863647
8.862976
8.863667
8.878081
8.87803
8.877323
8.874943
8.875524
8.875569
8.877987
8.878028
8.877291
8.86417
8.864625
8.865007
8.877994
8.877962
8.877113
8.869743
8.872042
8.871707
8.865584
8.865675
8.865312
8.867113
8.86748
8.868158
8.878005
8.878014
8.877318
8.873175
8.873191
8.872691
8.873255
8.873284
8.872757
8.872676
8.873257
8.87332
8.873279
8.873315
8.872806
8.873372
8.8734
8.872791
8.873431
8.873462
8.872867
8.872481
8.872781
8.873077
8.870254
8.871408
8.870808
8.871787
8.871725
8.872301
8.872869
8.871823
8.871508
8.875691
8.875531
8.875235
8.873486
8.873508
8.872919
8.870427
8.868497
8.870389
8.879177
8.879966
8.880049
8.873431
8.874009
8.872953
8.873828
8.874059
8.874418
8.863669
8.864297
8.864966
8.881659
8.880741
8.880838
8.868814
8.869416
8.869249
8.875066
8.87537
8.876045
8.871056
8.870996
8.870519
8.866052
8.866381
8.866155
8.877312
8.877285
8.877796
8.892488
8.892862
8.893037
8.869612
8.86974
8.869073
8.87185
8.871826
8.872384
8.867007
8.867118
8.867083
8.871356
8.871002
8.871211
8.870269
8.869723
8.870348
8.885238
8.883697
8.886762
8.866616
8.867079
8.867551
8.870442
8.870809
8.870586
8.867609
8.867507
8.867966
8.880057
8.879353
8.878992
8.870956
8.871425
8.871619
8.867586
8.868028
8.867917
8.871122
8.871693
8.871662
8.868565
8.86897
8.868811
8.86754
8.866876
8.86656
8.88027
8.879818
8.88049
8.87492
8.874644
8.874309
8.870005
8.870565
8.870402
8.871185
8.871284
8.871636
8.8722
8.872264
8.871858
8.878699
8.878327
8.879725
8.875251
8.875611
8.875363
8.870135
8.869384
8.870035
8.869217
8.869356
8.869732
8.871998
8.873754
8.873854
8.874311
8.873881
8.873629
8.872298
8.871522
8.871916
8.874713
8.874351
8.874414
8.868233
8.868661
8.870091
8.879034
8.879237
8.880033
8.872102
8.87209
8.871589
8.871441
8.871684
8.872053
8.871309
8.871355
8.871942
8.869348
8.869899
8.86963
8.871232
8.871542
8.871193
8.871546
8.871066
8.871615
8.870649
8.870424
8.869073
8.892248
8.892493
8.892215
8.881771
8.880963
8.880989
8.875737
8.87592
8.876561
8.870895
8.871121
8.871383
8.872301
8.872067
8.872568
8.869562
8.870658
8.869055
8.869609
8.869914
8.869583
8.871334
8.871387
8.871144
8.873537
8.873569
8.872972
8.866453
8.865583
8.865987
8.869117
8.87058
8.87046
8.869602
8.869052
8.869239
8.879958
8.879841
8.878879
8.870645
8.870766
8.871175
8.870925
8.870854
8.870336
8.870907
8.870185
8.869994
8.866136
8.865078
8.864636
8.87047
8.869686
8.870431
8.868809
8.869413
8.868656
8.872495
8.872198
8.872545
8.873888
8.874183
8.873691
8.87712
8.877491
8.877983
8.873475
8.873891
8.873482
8.867956
8.868338
8.869052
8.873219
8.872623
8.872628
8.868322
8.868495
8.868901
8.873182
8.872625
8.872617
8.869378
8.86906
8.868063
8.8697
8.869719
8.868491
8.874017
8.874257
8.874668
8.877815
8.877544
8.87919
8.870159
8.870237
8.870787
8.869517
8.870857
8.868693
8.863938
8.863771
8.864393
8.862923
8.862056
8.861498
8.87984
8.879318
8.878873
8.869243
8.869266
8.868035
8.865961
8.866019
8.865647
8.868688
8.868275
8.869314
8.875713
8.875752
8.876272
8.868354
8.868132
8.868637
8.870149
8.870671
8.869751
8.869569
8.868755
8.868285
8.876017
8.875534
8.875437
8.879887
8.879311
8.879349
8.87615
8.876208
8.87676
8.869305
8.870823
8.868621
8.868369
8.86829
8.867738
8.879064
8.879353
8.878067
8.868781
8.86894
8.867986
8.870292
8.869063
8.870864
8.872405
8.871861
8.871939
8.877175
8.876629
8.876279
8.872284
8.871703
8.871881
8.875004
8.874971
8.874334
8.868507
8.867938
8.868019
8.86962
8.868889
8.867966
8.867845
8.869409
8.867509
8.868231
8.86776
8.867581
8.869021
8.868119
8.867911
8.869047
8.868573
8.867386
8.868374
8.868771
8.86753
8.868834
8.869336
8.867671
8.868134
8.869656
8.867476
8.869447
8.8695
8.868127
8.869178
8.86925
8.867536
8.87468
8.875238
8.875309
8.874351
8.873755
8.873693
8.876213
8.875895
8.876086
8.872271
8.872822
8.872869
8.876943
8.876662
8.876004
8.878153
8.877677
8.877386
8.872017
8.871976
8.871404
8.877555
8.877972
8.877486
8.876031
8.875374
8.87511
8.871545
8.86977
8.871691
8.864466
8.86392
8.864402
8.868967
8.869065
8.868217
8.869937
8.87031
8.868431
8.869093
8.868608
8.868636
8.868995
8.869352
8.869135
8.868455
8.869987
8.87055
8.870552
8.87024
8.870324
8.878726
8.878677
8.877965
8.876649
8.876677
8.877331
8.877692
8.877772
8.880636
8.882233
8.880993
8.883525
8.871485
8.870443
8.871117
8.879479
8.878734
8.878693
8.879739
8.879149
8.877431
8.875659
8.875805
8.875304
8.872072
8.872049
8.871507
8.873583
8.873926
8.873545
8.869826
8.869358
8.869555
8.878084
8.878049
8.87869
8.871901
8.872214
8.871656
8.87514
8.875658
8.875539
8.874958
8.874294
8.874216
8.870595
8.870881
8.871012
8.87397
8.874405
8.874459
8.871834
8.872295
8.872128
8.895839
8.896023
8.877082
8.866484
8.866477
8.866923
8.869988
8.868766
8.869811
8.86931
8.869215
8.869427
8.880114
8.8794
8.879376
8.870247
8.869933
8.870072
8.870938
8.870698
8.871223
8.874139
8.874762
8.874785
8.877957
8.877803
8.87846
8.87461
8.874304
8.874639
8.867064
8.866529
8.86653
8.871051
8.87098
8.871091
8.87147
8.871238
8.870283
8.869732
8.869709
8.87009
8.86984
8.869891
8.870333
8.887033
8.88547
8.88146
8.868806
8.868674
8.868233
8.878767
8.87954
8.879593
8.869293
8.87122
8.870119
8.869256
8.86897
8.870816
8.874104
8.87474
8.874749
8.874069
8.874728
8.874734
8.873757
8.874303
8.874341
8.873808
8.874241
8.874464
8.874512
8.874255
8.873794
8.876706
8.876741
8.877426
8.869161
8.869648
8.869995
8.86837
8.868014
8.868263
8.870529
8.870908
8.870773
8.86402
8.862997
8.86255
8.878583
8.87846
8.877657
8.867442
8.866768
8.867362
8.873611
8.873658
8.873
8.870447
8.87096
8.871092
8.878196
8.878158
8.878748
8.870694
8.871181
8.871243
8.873979
8.874598
8.874686
8.873841
8.874496
8.874686
8.869844
8.869402
8.870902
8.871109
8.871377
8.870683
8.869779
8.869738
8.870154
8.876493
8.876573
8.876052
8.863546
8.863333
8.864052
8.866497
8.865628
8.865309
8.862637
8.861331
8.862035
8.866663
8.866929
8.867175
8.872414
8.871025
8.872689
8.876484
8.875855
8.876313
8.869132
8.869396
8.869422
8.87086
8.870658
8.871118
8.865549
8.866093
8.865558
8.865473
8.86664
8.865805
8.870153
8.869615
8.869802
8.878817
8.878166
8.87825
8.876304
8.876169
8.876676
8.873712
8.874266
8.874133
8.870018
8.869645
8.870239
8.876056
8.876529
8.876005
8.873716
8.874114
8.874261
8.880101
8.879383
8.879484
8.874355
8.874045
8.874509
8.870534
8.870261
8.86963
8.890569
8.890955
8.891976
8.867727
8.867359
8.866562
8.872848
8.872338
8.871012
8.873283
8.873756
8.873191
8.870463
8.87002
8.871125
8.871311
8.871076
8.87157
8.876472
8.875987
8.875709
8.869397
8.868849
8.868948
8.871544
8.871354
8.870865
8.869838
8.870871
8.870799
8.879571
8.879858
8.879304
8.872536
8.873144
8.873131
8.866656
8.866336
8.867173
8.892303
8.892033
8.892557
8.877209
8.877035
8.876556
8.869986
8.870903
8.870369
8.867218
8.86682
8.865898
8.871899
8.872055
8.872466
8.87137
8.871174
8.870852
8.872598
8.873204
8.873172
8.869944
8.870221
8.870367
8.881037
8.882134
8.879969
8.873549
8.873889
8.873433
8.868626
8.868745
8.869266
8.876364
8.876422
8.875863
8.877332
8.876628
8.877113
8.868964
8.868226
8.868988
8.87355
8.873237
8.872841
8.877302
8.877191
8.877718
8.866824
8.867395
8.867589
8.892547
8.892474
8.892691
8.870885
8.870471
8.870272
8.870447
8.870976
8.870751
8.870592
8.870632
8.87106
8.873532
8.874113
8.874203
8.869628
8.869167
8.869228
8.875878
8.875777
8.875322
8.867531
8.866784
8.866402
8.877767
8.877294
8.877665
8.876239
8.876622
8.875966
8.868109
8.867596
8.867608
8.864943
8.86435
8.864842
8.87142
8.871237
8.871822
8.870083
8.87007
8.869058
8.87048
8.870984
8.87134
8.878632
8.879126
8.879341
8.875281
8.874879
8.874568
8.869725
8.869216
8.869685
8.870952
8.870677
8.8705
8.871443
8.871272
8.870584
8.87889
8.878668
8.878033
8.877081
8.876857
8.876501
8.879402
8.880097
8.880045
8.870678
8.870541
8.870755
8.880765
8.881678
8.881732
8.880926
8.881179
8.881806
8.880995
8.880923
8.881624
8.881736
8.881807
8.881159
8.869409
8.869478
8.870446
8.869559
8.868947
8.869757
8.875975
8.875601
8.875726
8.870009
8.869898
8.869524
8.878306
8.87824
8.878764
8.892739
8.892614
8.892819
8.891437
8.890575
8.891804
8.870472
8.869483
8.869913
8.891777
8.8911
8.890102
8.876845
8.876233
8.876132
8.871901
8.872863
8.872165
8.867834
8.867793
8.868095
8.875229
8.875725
8.876191
8.877383
8.877963
8.877162
8.870399
8.869997
8.870413
8.874181
8.874396
8.873863
8.870733
8.868715
8.869906
8.872093
8.871649
8.871413
8.870079
8.870099
8.87003
8.868583
8.869993
8.869561
8.889538
8.890772
8.889072
8.877419
8.877235
8.881568
8.867456
8.867374
8.867719
8.869595
8.871304
8.871081
8.893684
8.893292
8.892843
8.874546
8.875211
8.875439
8.876806
8.877253
8.877378
8.871287
8.869377
8.86887
8.878449
8.878857
8.878435
8.869646
8.871334
8.870969
8.880762
8.881617
8.881666
8.860838
8.861875
8.862161
8.870685
8.870349
8.870214
8.870262
8.868967
8.869697
8.8739
8.874676
8.874459
8.873444
8.874044
8.874167
8.868643
8.870462
8.870426
8.891545
8.892048
8.892126
8.867074
8.866344
8.866085
8.875436
8.875798
8.874845
8.870551
8.869832
8.869431
8.872263
8.872682
8.872772
8.871218
8.87084
8.870808
8.876044
8.875391
8.875393
8.875261
8.874711
8.87469
8.874829
8.875121
8.874904
8.877498
8.877555
8.878321
8.876603
8.876978
8.87652
8.871077
8.871223
8.870877
8.870279
8.86978
8.869608
8.887322
8.888999
8.890255
8.866529
8.867072
8.867103
8.867662
8.867615
8.868132
8.877055
8.876187
8.875984
8.893006
8.892877
8.893045
8.875392
8.876027
8.876014
8.869875
8.870121
8.870577
8.869892
8.870519
8.870853
8.878401
8.878818
8.878348
8.869678
8.869622
8.869687
8.870034
8.871705
8.872156
8.864229
8.863769
8.863425
8.870613
8.870592
8.869877
8.874622
8.875142
8.874793
8.872177
8.872524
8.87129
8.869994
8.869305
8.869326
8.869516
8.869851
8.869732
8.871539
8.870112
8.870134
8.879311
8.879294
8.879835
8.869889
8.870032
8.869611
8.877655
8.878417
8.878137
8.872355
8.871915
8.871871
8.869391
8.870115
8.868987
8.877487
8.876965
8.876281
8.867243
8.867475
8.867104
8.869918
8.869751
8.870199
8.868957
8.868807
8.869285
8.870433
8.870701
8.870443
8.869722
8.87082
8.871103
8.86565
8.865344
8.865426
8.871089
8.871419
8.871161
8.87143
8.87182
8.871747
8.877601
8.877498
8.87679
8.878063
8.878117
8.878809
8.878365
8.878788
8.878345
8.875739
8.876375
8.876056
8.870229
8.870813
8.8704
8.862167
8.86175
8.861641
8.892074
8.892156
8.889217
8.870755
8.870631
8.870363
8.878804
8.879642
8.879713
8.881803
8.879223
8.880886
8.86872
8.867314
8.86879
8.874781
8.875256
8.87545
8.862637
8.862294
8.86275
8.871561
8.871024
8.871529
8.874408
8.874139
8.873649
8.879639
8.879274
8.878716
8.876816
8.876798
8.876375
8.866638
8.865448
8.867368
8.868306
8.868459
8.867943
8.868695
8.868627
8.869101
8.868003
8.866279
8.867272
8.893399
8.893182
8.893385
8.874354
8.87483
8.874352
8.875696
8.875274
8.87475
8.875403
8.875271
8.874999
8.869126
8.869623
8.870699
8.874077
8.874681
8.875012
8.869515
8.868906
8.869719
8.867779
8.86744
8.86696
8.869316
8.870237
8.870189
8.863589
8.863829
8.863918
8.862429
8.862583
8.863017
8.872076
8.871729
8.872129
8.880292
8.8803
8.8807
8.878768
8.879565
8.879084
8.877441
8.876558
8.877293
8.868541
8.868847
8.869242
8.880937
8.880446
8.880651
8.880195
8.878398
8.879437
8.880204
8.879527
8.879456
8.861457
8.860952
8.860608
8.879641
8.880236
8.880362
8.869114
8.870337
8.868779
8.872233
8.872086
8.871205
8.863181
8.862911
8.863301
8.861823
8.862232
8.861893
8.876789
8.876777
8.876265
8.868482
8.86851
8.868424
8.861656
8.860763
8.860906
8.868768
8.868804
8.868462
8.879753
8.880217
8.880619
8.881778
8.881282
8.881219
8.893691
8.893928
8.894307
)
;
    }
    fluid_to_solid
    {
        type            calculated;
        value           nonuniform List<scalar> 
176
(
8.891392
8.88964
8.868873
8.867976
8.875073
8.871161
8.867402
8.86884
8.8797
8.867306
8.880457
8.875483
8.887505
8.871767
8.868604
8.868886
8.867342
8.869674
8.871251
8.871969
8.872159
8.871265
8.880739
8.868965
8.868521
8.871038
8.871038
8.87201
8.869646
8.866931
8.867908
8.886211
8.869959
8.879801
8.867386
8.87032
8.872736
8.867553
8.894273
8.887502
8.86636
8.870329
8.869303
8.887257
8.891636
8.888135
8.888402
8.889767
8.888651
8.888823
8.868846
8.868323
8.868374
8.867666
8.867995
8.867685
8.872819
8.871628
8.871678
8.871183
8.871223
8.871306
8.867256
8.867422
8.867274
8.868443
8.871174
8.869298
8.885692
8.871201
8.871189
8.86763
8.867329
8.867657
8.883619
8.867771
8.867871
8.881285
8.875211
8.881072
8.87071
8.869696
8.87002
8.871555
8.871859
8.871539
8.869907
8.869918
8.869681
8.869006
8.871037
8.871146
8.867259
8.867371
8.86733
8.869878
8.869678
8.869876
8.871438
8.869536
8.871255
8.870425
8.870295
8.869674
8.879503
8.872171
8.879507
8.87096
8.871021
8.870658
8.875345
8.880993
8.87565
8.871254
8.868666
8.871055
8.868452
8.869223
8.868594
8.871173
8.871086
8.871121
8.871053
8.871097
8.871028
8.872143
8.871978
8.872
8.869255
8.869463
8.869219
8.866932
8.867841
8.867843
8.871155
8.871226
8.871113
8.889305
8.870686
8.870711
8.878047
8.872895
8.873314
8.872576
8.87984
8.872573
8.867506
8.867453
8.866367
8.870322
8.87036
8.870705
8.900096
8.873515
8.873221
8.86761
8.867384
8.867439
8.867486
8.868441
8.868455
8.887558
8.88535
8.885355
8.867252
8.867143
8.867327
8.869093
8.868968
8.870512
8.868681
8.869199
8.868654
8.887254
8.884828
8.884844
)
;
    }
}


// ************************************************************************* //
