/*--------------------------------*- C++ -*----------------------------------*\
| =========                 |                                                 |
| \\      /  F ield         | OpenFOAM: The Open Source CFD Toolbox           |
|  \\    /   O peration     | Version:  1912                                  |
|   \\  /    A nd           | Website:  www.openfoam.com                      |
|    \\/     M anipulation  |                                                 |
\*---------------------------------------------------------------------------*/
FoamFile
{
    version     2.0;
    format      ascii;
    class       volScalarField;
    location    "40000/fluid";
    object      p;
}
// * * * * * * * * * * * * * * * * * * * * * * * * * * * * * * * * * * * * * //

dimensions      [1 -1 -2 0 0 0 0];


internalField   nonuniform List<scalar> 
4960
(
589817.9
624247.8
608353.5
591342.5
653960
660456.5
617655.5
653033.4
611277.9
599885.8
624235.2
675727.1
591642.1
637758.3
677621.5
627968.4
638668.7
597653.1
599305.3
652735.3
651557.3
613297.7
612864.1
621425.3
641324.3
643759.7
650860.4
592134.8
647351.3
639576.3
658602.8
688680.8
648837.8
645080.6
643119
621428.1
610173.6
637393.9
638745.5
624598
623452
623714.5
597013.6
647167.6
682968
642989.8
631266.6
655476.1
629609.3
676472.6
643089.6
615045.4
612022.2
624125.7
605479.5
623500.1
614450.3
607527.7
624476.3
610290.6
668912.7
603666.7
607800.3
590123.8
689116.3
641339
685068.4
608713.3
679600.9
601714
631551.2
608766.8
611017.2
636585.6
637379.2
647653.3
595920.8
619801.6
636096.1
665437.1
597367.1
648316.6
648092.3
589991.6
626312.7
618453
643201.4
637766.7
642649.9
638098.3
635428.1
636838.7
642368.1
637982.7
617332.9
668476.3
648287
610834.2
627567.5
638122.4
633255.1
635468.2
593088.8
631519.7
625510.8
643231.4
589526.2
590546
589291.1
614864.1
628802.3
618019.6
637517.2
630052.8
634334.7
599817.7
632969.9
631674.3
631196
636972.9
616178.7
612546.8
594370.6
648861
644479.2
590167.3
652016.5
632877
604593.3
620294.5
597673.9
636777.2
650391.5
631637
630061.3
635576.9
639434.5
628931.4
634802.1
636620.6
635538.1
622772.7
663273.3
666050.8
659204.3
675146.3
660893.4
637357.8
660433
623688.8
636110.9
666635.6
673530.5
615041.9
612241.5
647452.9
689037.8
650939
667292.4
672175.6
677088.2
670258.8
668956.1
589988.4
677928.2
632571.2
632806.5
614052.3
640574.9
609054.8
647543
622702.3
646227.6
636007.8
650423.6
635591
626302.4
673224.8
644547.5
677338.4
649499.6
666730.9
676808.1
647803.6
668587.7
678472.9
666767.3
647676.2
616397.9
669320.3
629546.5
613465
613022.2
691143.6
610618.7
620830.4
612697.5
684067.9
612160.3
653781.5
681364.8
667043.5
608326.4
632571.1
632074.9
634207.2
631955.7
631515.2
631235.3
634557.8
653116.2
636856.7
639567.2
622280.4
630986.1
660482.6
598450
642665.2
627513.2
689818.7
589924.2
654655.2
618201.1
643656.7
684948.3
609023.6
597726.2
655325.4
636576
664935
663243.3
647390
601452.7
677933
645142.8
661245.3
597987.8
663937.8
661300.7
643620.9
657046.4
666251.9
592051.3
626935.2
649579.2
644656.6
660092.4
603041.9
622294.5
660819
653328
640831.5
629584.2
636970.6
626722.4
658828
598109.6
640692.4
638352.6
641835.7
653590.8
640961.4
660064.9
662451.1
600798.7
589358.8
615593.5
643427.5
634566.6
654009.6
670330.4
644609.3
633698.1
672759.2
660315.8
652730.8
603921.4
643122.2
647001.2
652817.1
684133.6
658066.4
672434.4
635837.9
630043.3
610912.4
631083.2
657249.6
635425.9
657156.5
635448.7
659571.3
659928.2
628497
604421.4
647853.4
658001
682725.9
697543.6
599081.8
661950.2
687574.2
658482.1
619676.5
654487.7
649926.6
659338.5
621266
601747.3
614693.6
658840.6
660027.3
603730.6
662870.5
654044.2
639312.9
617021.6
637327.9
627024.1
662235.3
662893.9
663696.1
663205.3
662215.6
663067.4
663479
661912.9
663708.5
663108.4
663702.1
622267.7
629744.6
618969.3
637140.1
613666.4
609976.3
641584.4
613255.8
622914.5
649926.7
678967.2
662939.8
662308.8
655558
673029.9
657492.1
666641.7
608525.6
615159.3
615249.7
601803.8
654324.3
601277.7
614248.4
619411.9
641081.2
630846.6
651844.7
608104.5
655296.8
620748.3
627424.9
643636.2
628127.8
662612
607972.4
666423.3
662699.5
653537.1
601418.9
646780.8
645260.3
627660
608565.8
626964.9
666158.9
665119.4
647218.3
670010.7
649651
609993.2
675878.3
604486.7
654965.3
655643.8
627906.6
628059.5
629517.3
628963
629519.7
611510.6
655520.9
659887.9
651665.1
691712.3
609132.3
663085.4
633559
645664.8
604595.2
645295.2
628325.5
629312.7
649850.3
645397.8
646914.7
615539.9
683238
681025
699795.6
666328
658067.7
616838.8
672904.1
644342.2
674601.7
679607.6
646850.6
607092.6
614392.3
630200.7
665450.5
620714.5
629798.8
597767.4
628458.2
657296.3
605844.5
669198.8
645034.3
632599.5
649845.8
639572.7
618494.9
653948.3
644731.8
652987.9
603729.8
635887
668093.9
599791.1
615625.2
649808.1
682951.1
646615.2
663623.9
635744.3
649453.9
602402.6
631485.9
655602.5
619443.2
612813.3
674568.9
633803.1
609337.4
679204.2
599524.2
645618.5
647637
651892
630868.5
670187
619036.9
675538
612131.9
619814.7
658132.5
688603
639262.5
659270.7
650167.6
605159.6
625643.2
651334.5
645414
642518.7
606299.8
615951.3
601290.4
662993.1
589554.5
589602.4
589840.3
589179.3
654020.4
653333.1
619804.3
669868
604287
598391.1
600248
657903.9
603463
617763.1
656946.5
661425.8
620291.6
616983.3
651300.1
629929.7
658627.2
661786.9
659186.1
658918.9
600647
605933.6
659255.6
658268.7
596290.5
624581.8
614366.2
656095
608188
655610
589888.1
702263.2
659259.5
663325
629011.8
630555.4
657497.2
602968.4
677637.6
622043
651960.1
635152.7
652617.1
621484.9
624926.1
625903.1
607789
618170.9
663214.4
662126
606933.9
666143.7
660475.6
614169.1
596857.8
621443.6
659223.3
666802.5
608692.2
658231.3
655880.6
686160
659305.5
627835.5
658889.6
652959.6
652844.8
650702.8
599203.8
649238.5
610081.5
639389.2
652376.5
623277.1
665217.5
646741.8
653943.5
646646.1
658450.4
670471.2
645892.5
642354.8
614112.9
608035.5
606508.5
621241.1
653805
694539.6
605494.2
659284.5
604297.1
612149.6
672772.8
623939.8
688169.1
647033.8
626457.9
604741.6
616240.3
681897.2
656453.2
653212.1
677149.2
594414.3
628817.4
622896.4
623462.5
653287
628118.1
670204.3
677746.2
658095.7
683847
692254.6
636246
594472.6
604481
615577.2
655255.7
591245.7
609866.3
597246.6
696431.2
597083.8
653554.7
651074.4
687393.5
693825.8
616791.1
658737.9
702843.3
659332.9
597000.7
589324.9
590563.4
589708.9
589817.9
589708.8
594447.7
594152.7
594447.7
594152.6
621157
621355
624501.3
624257
621165.6
621363.3
624514
609066.2
606878.2
610517.5
608353.6
609068
606878.8
610519.6
591726.3
591343.7
591727.5
595855.1
595405.1
595856.5
595406.6
651784.3
651548.7
654523.1
653965.5
651693
651562.9
654442.7
658037.5
660347.3
657652.2
660475.4
658053.4
660367.3
657669.8
617619.7
621422.9
621789.9
617661.8
617623
621428.3
621798.9
656531.7
655056.3
654585.1
653110.2
656367.4
654753.7
654544.5
614152.2
615000.5
610572
611287.2
614162.4
615015.9
610577.6
601193.2
599392.3
601346.9
599883.2
601192.7
599391.6
601345.3
622423.6
625323.9
620797.7
624252
622437.3
625343.6
620810
673490.6
673810.5
675333.2
675739.7
673472.9
673794
675336.1
591643.3
597267.1
594525.4
595570.2
597269
594526.6
595571.8
637616.7
641029.5
640528.5
637794.9
637654.5
641092.6
640561
678349.8
679018
676670.2
677532.3
678360.5
678986.5
676656.9
630011.8
626173.4
632135.1
628300.5
630195.3
626623.9
632283.1
633519.4
636547.6
635641.5
638657.7
633414.7
636554.6
635725.9
597986.9
602010.5
601561.8
597652.9
597986.7
602010.1
601561.4
604970.6
600425
603500.1
599305.3
604970.6
600425
603500.1
654645.4
654959.8
652456.3
652680.5
654748.9
655012
652566.3
651744.9
653265.4
653472.1
651520.9
651690.9
653102.7
653403.4
609996.2
615735.5
612682.9
613296.9
609995.6
615734.1
612682.1
610428.4
610140.8
613197.4
612864.1
610428.4
610140.8
613197.4
617746.3
617946
621366.2
621426.4
617747.9
617946.4
621369.2
641419.1
639159.4
643633.6
641343
641582.6
639241.3
643660.2
645065.7
640395.6
642221.5
643764.4
645070.2
640398.7
642224.6
648717.9
651354.1
652778.5
650863.4
648736.2
651347.3
652740.2
592589.5
592136
592590.6
596252.5
596624.1
596253.9
596625.5
643389.9
645143.1
645613.9
647155.7
643503
645076.5
645560.5
642260.3
643837.2
640902.8
639638.3
642331.1
643914.5
640974.8
655763.6
658185.4
656493.4
658442.8
655719.5
658015.2
656454.7
688914
690485.4
687794
688703.5
688853.2
690463.5
687729.3
646706
647848.5
649969.5
648609.2
646457.2
647619.5
649807.5
647090.8
649024
646722.6
645106.8
647139.8
649067.2
646740.4
641645.3
644300.9
645488.6
643160.9
641694.4
644355.6
645586.7
624149
623485.9
620822.4
621428.1
624149
623486
620822.4
609802.9
612238.6
612131.9
610176
609805.1
612242.1
612135.4
637679.8
640425.5
640996.1
637417.7
637716.3
640459.6
641043.3
640254.8
642253.9
643780.3
638771.5
640260.9
642324.4
643740.1
618976.7
622840.5
621703.7
624617.8
618984.9
622852.8
621717.6
618369.9
621333.9
621298.1
623466.4
618378.1
621346
621307.9
623839.8
620343.7
621247.9
623730.7
623855.1
620355.1
621261.5
600813.1
597060.2
600672
597013.4
600812.8
597059.9
600671.7
647293.5
650013.9
649607.1
647128.9
647287.6
649979.5
649546.3
680286.6
680807.4
682392.2
682926.3
680385
680957.6
682445.6
643912.8
645750.9
646388
642940
643879.5
645721.4
646350.6
628636
631568.7
628316.7
631266.9
628636.3
631569.2
628317
652445.9
654988.6
653841.8
655434.5
652362.3
654880.3
653769.9
632599.2
629054.2
631996.8
629609.8
632600.1
629054.6
631997.4
674199
675294.7
675835.8
676493.8
674214.6
675318.4
675959.3
645069.4
645325.8
642550.7
643101.1
645135.9
645340.4
642583.5
615402.4
612548.6
612865.8
615051.7
615409
612552.6
612870.2
616691.6
615888.3
612691.3
612039.1
616724.7
615911.8
612715.9
621645.4
622360.3
624295.4
624140.7
621655.5
622371.8
624308.5
605585.2
601369.7
602542
605479.4
605585.2
601369.7
602542
620327.8
619397.9
622461
623547.3
620369.1
619429.4
622497.9
614744.6
611281.9
617214.9
614450.4
614744.6
611282
617215
609437.5
608083.2
606905.7
607528.6
609439.6
608084.3
606905.7
627018.4
624476.3
627018.5
628046.5
625380.9
628046.5
625381
608009.4
607980.3
610398.4
610293.3
608011.1
607981.8
610401
669784.7
671073.5
667898.2
668807.3
669744.7
671009
667869.9
602932.7
606054.3
606597.1
603667.3
602933.5
606055.6
606598.4
604634.6
607686.4
604601.8
607800.3
604634.6
607686.5
604601.8
590028.1
590123.8
590028.1
593995.4
594260.7
593995.4
594260.7
688914.4
688919.8
688729
686012.2
686715
685957
686642.7
644694.2
644856.3
642052
641362
644678.6
644919.8
642082.9
686365.6
684247.4
685867.6
684853.8
686437
684189.3
685823.2
608466.7
611624
611693.5
608715.7
608469.2
611627.6
611697
676438.7
678379.3
677065.2
679727.3
676472.6
678472.6
677095.2
602265.4
605546.2
605152.8
601715.2
602266.3
605547.7
605154.5
630505.1
633694.4
635168.7
631552.1
630505.8
633695.5
635170.1
611692
608824.1
611215.7
608766.7
611695
608824.6
611216.8
611669.7
609120.9
610138.8
611020.9
611674
609123.1
610141.8
638097.5
640653.5
639082.1
636624
638153.2
640693.4
639120.4
638271.3
640712.6
639987.7
637403.8
638287.9
640731.1
640017.8
647472.7
650455.7
650070.3
647646
647518.2
650447.8
650011.6
596766.4
595921.1
596766.6
600420.8
599568.1
600421.1
599568.5
616943.2
619675.7
616816.6
619801.7
616943.2
619675.8
616816.6
636406.8
634331.4
638376.5
636083.6
636387.6
634317.6
638361.4
663858.7
663414.3
661772
662977.2
662660.1
661697.5
662329
600984.2
601212.5
597178.1
597366.8
600983.9
601212.1
597177.8
645439.8
646024.9
648894.7
648333.5
645450.4
646033
648907
648103
650337
650266.7
648222.7
648059.9
650343.3
650201.9
589961.4
589991.6
589961.4
593930.7
593916.9
593930.7
593916.9
625058.4
622866.6
624019.7
626345.7
625084.4
622892.9
624053.8
616937.5
617403.8
619401.3
618461
616945.1
617411.9
619411
643824
645904.5
645651.5
643253.4
643877.6
645944.7
645663
637863.9
640607
641175.7
637809.3
637893.8
640654.7
641224.6
645307
644859.6
641919.7
642718.5
645368
644972.3
641988.2
640780
639983.8
642750.1
638160.7
640834.8
640032.7
642807.6
634276.6
637622.8
636362.8
635488.1
634339.7
637647.4
636390.4
634307.1
635534.1
638052.3
636849.5
634332.3
635545.3
638071.4
639157.1
642848.1
639383.9
642374.7
639161.1
642853.1
639387
640588.3
636867
639422.8
637983.1
640588.8
636867.2
639423.1
619666.8
618706.6
616736.1
617340.9
619677.6
618716.4
616744.3
666725.3
666764.4
668387.9
668498.4
666784.2
666848.3
668409.6
647887.5
649821.2
650174.5
648274.1
647909.8
649866.1
650198.7
613727.3
610657.7
613475.1
610834.3
613727.4
610657.7
613475.1
628782
626318.9
625184.4
627619.3
628854.3
626378.3
625228.6
638066
640438.5
640185.1
638107.7
638048.4
640420.1
640163
632272.2
634086
635201.2
633289.1
632294.1
634113.4
635237.5
636468
638288.8
639184.4
635490.4
636493.7
638310.5
639204.8
593695.1
593089.8
593696
597537.6
597039.9
597538.6
597041.1
629671.5
632905.6
630981.6
631575.6
629722.4
632966.6
631040.2
623689.5
622395.3
624348.1
625528.7
623704.8
622408.4
624364
639920.7
639050
641876
643232.4
639921.4
639050.5
641876.7
589442.2
589526.1
589442.1
593610.8
593840.3
593610.6
593840.1
590915.7
590547.2
590917.1
594238.3
594862
594239.9
594863.5
589318.1
589291
589317.9
593211.7
593210
593211.6
593209.8
615119.7
617970.1
618294.1
614869.4
615125.3
617976.9
618301
631077.7
628380.5
630334.6
628830.1
631108.8
628403.8
630357
619149.2
615570.1
616461.5
618030.7
619164.1
615578.8
616472.9
635349.8
639391.2
637179.9
637589.5
635366.1
639519.8
637215.1
628563.4
628319.6
626959.7
630093.4
628594.8
628358.3
626990
632321.7
635860.1
633774.1
634372.6
632363.1
635889.3
633782.7
599818.5
604434.5
603540.8
601633.3
604435.6
603541.7
601634
630425.5
629344.1
631849.1
632990.8
630445.9
629361.6
631892.1
633027.9
630403.8
628718.5
631701.9
633037
630423.4
628735.9
632899.1
631572.6
629973.7
631220.4
632926.2
631608.7
630002.8
635061.5
636717.6
638901.7
636955.9
635046.5
636699
638880.5
613525.8
616041.7
619341.2
616178.4
613525.6
616041.6
619340.9
613288.5
609266
609873.9
612551.6
613295.5
609267.1
609876.9
595117.9
594371.4
595118.4
598130.3
598798.5
598131.2
598799.1
650962.3
651841
649768.6
648635.3
650886.6
651776.7
649637.1
645935
646491
647251.9
644555.8
646031.3
646575.6
647451.9
590331.5
590167.3
590331.5
594798.2
595542.8
594798.3
595542.8
652085
653789.5
654141.8
651913
652010.7
653693.1
653932.6
630074.9
631659.5
634630.5
632895.3
630272.7
631684.9
634606.2
607847
607252.8
605465.2
604594
607848.5
607254.1
605466.1
617456.8
618407.8
621366.3
620315.3
617472.3
618429.9
621394.9
598526
597674.1
598526.6
601499.8
602496.5
601500.1
602497
633815.5
636125.6
633231.4
636777.7
633815.9
636126
633231.7
647673.4
648932.8
650974.7
650394.5
647675.4
648934.8
650977.4
635301.9
632500.6
634273.4
631637.2
635302.2
632500.8
634273.6
631417.9
627494.3
628765.9
630152.9
631506.1
627572.4
628970.2
632728
634261.3
637120.1
635603.1
632755.9
634288.9
637140
641141.7
641346.4
643071.3
639600.3
641384
641565.5
643204.6
629704.4
626903
626191.9
628931.5
629704.5
626903.1
626192
632225.9
635767.1
633208.8
634819.7
632238.7
635780
633219
633499.3
635871.7
638164.7
636670.9
633542.7
635911.5
638219.1
633079.3
634920.2
637397.7
635591.8
633121
634957.8
637441.4
621634.9
624352.8
626010.3
622768.6
621630.7
624347.9
626005.1
663382.3
664998.5
664977.7
663392.3
663486.2
665081.4
665071.2
666133.6
665326.4
663066.6
663297.4
665386.8
663093.7
663330.6
657225.4
657024.3
658727
659376
657417.1
657233.9
658825.8
673098
672892.7
675320.4
675137.7
673096.5
672891.5
675317.8
660405.4
661967.7
661844.9
660892.7
660429.6
661821
662006.5
637626.6
640123.2
639444.8
637398.6
637670
640170.5
639508.2
657522.5
657869.3
660567.9
660452.9
657535.7
657880.7
660585.7
622287.8
620347.9
621607.1
623710.3
622304.6
620362.3
621626.1
637712.5
639366.3
637742.7
636190
637801.1
639631.5
637810
666666.5
668387.4
668286.8
666700.8
666750.5
668440
668329
673937.4
676172
675834.6
673518.9
673944.2
676138.7
675809.6
620790.8
616173.1
619591.8
615059.3
620907.5
616096.4
619647.2
608834.1
607199.4
610549.3
612241.6
608834.1
607199.5
610549.4
649752.8
647507.3
649571.5
647511.1
649724
647526.8
649493.5
689055.9
687838.9
687814.1
684556.6
686357
684617.9
686375.8
649289.2
650527.2
652336
651025.5
649407.3
650606.3
652460.4
667446.5
669820
669838.9
668532
670481.7
668581.5
670473.5
674552.3
672085.1
674549.7
674868.9
672607.9
674869.7
672605.7
677172.2
674527.8
674621.7
676204.4
674190.6
676243.5
674181.6
672405.8
670070.5
672204.8
670343.1
672209.4
670271
672102.5
668693.4
670912.6
670846.7
668962.4
668699.8
670915.4
670842.9
590016.3
589988.4
590016.3
594317.5
594067.8
594317.5
594067.8
680307.6
680038.3
677733.6
677922
680323.5
680044.3
677729.8
636926.8
633025.5
637274.8
629930.4
634332.6
630486.1
634604.9
630286.3
633828.4
631261.5
632827.4
630306.3
633851.1
631277.5
611174.6
611001.7
613911.7
614052.4
611174.6
611001.7
613911.7
643643.2
640711.9
643611.3
641057
637983
641027
638039.2
606930.3
608563.2
606341.8
609057
606931.9
608565.1
606343.1
649377.9
647463.6
648922.8
647505.7
649261.7
647306
648776.5
622532.5
625689.7
625409.2
622702.4
622532.6
625689.9
625409.3
648475.6
646062.4
648250.4
643698.3
646002.9
643591.6
645862.1
632765.5
632329.7
635972.4
636010.4
632767.1
632330.9
635974.4
652032.1
650230.9
651861
649740.5
647980.8
649348.2
647741.5
633178.9
635783.6
633809.4
635577.7
633168.7
635767.9
633796
622654.6
622737.4
625945.9
626302.8
622654.9
622737.6
625946.2
673315
675629.3
675470.7
673219.9
673304.9
675619.8
675466.1
647017.9
644547.9
647018.5
645705.1
648114.6
645705.6
648115.4
679813.1
677539.5
679653.7
677359.9
679816.1
677544.2
679659.2
651983.1
649500.4
651984.1
653036.4
650566.4
653037.7
650567.3
663329.2
666924.5
663464.7
666734.8
663540
666901.8
663527.1
679080.6
676814
679078.1
677136.7
679379.8
677132.3
679381.4
650244.4
650294.7
647582.8
647888.5
650291.1
650321.9
647703.1
670885.2
668693.1
670953.8
668641.8
670886.6
668629.4
670931.8
678164.5
680591.7
680909.9
678478.3
678160.8
680625
680956.4
669154.9
667468.3
668901.3
668648.5
666825.2
668697.4
667046.5
649745.9
649758.7
647556.9
647627.3
649733.9
649702.2
647535
615209.6
619541.2
617883.3
616406.2
615216.5
619552.2
617893.8
671322.3
671893.3
670085.2
669276.2
671292.3
671843.7
670040.1
632058.7
629546.5
632058.8
630640.7
633193.5
630640.8
633193.7
608800.5
613785.9
609708.8
613468.1
608801.9
613787.4
609709.6
609252.1
614783.2
611312
613029.8
609257.7
614792.1
611318.2
691150.8
694927.4
694938
693567.2
691010.5
693574.4
691019.8
607938.2
611754.6
608192.7
610625.2
607944.1
611761.6
608198.7
623759.6
620602.4
624538.7
620826.2
623753.7
620598.8
624532.6
608415.5
611918.4
608204.7
612703.2
608419.1
611922.8
608208.7
682080.2
681845.8
684354.2
684065.2
682097.5
681844.7
684351.1
608379.8
612814.1
608539.5
612164.8
608383.2
612820.2
608543.1
654778.3
653442
654479.1
651139.4
652221.3
650983.4
652077.4
683488.1
681375.3
683512
683777.6
681603.6
683780.3
681597.8
667141.7
667839.6
666228.3
667080.2
667844.2
666265.6
667071
611646.8
611786.1
608277.5
608329.2
611650.6
611790.2
608280.7
635167.1
632646
635141.1
632594.4
635197.2
632675.6
635161.8
634759.3
632242.3
634880.7
632125.8
634790.3
632271.1
634916.2
631916
635360.5
632237.6
634249.6
631943.4
635409
632291.8
634744.9
632110
634695.6
631985.8
634784.7
632144.9
634744.8
634576.5
631695.7
634635.4
631534
634603.7
631720.1
634667.8
634302.8
631364.1
634463
631244.6
634319.4
631377.6
634484
633133.8
634624.9
636148
634594.5
633181
634678
636199.8
655158.2
655199.6
652844
653034.2
654966.6
655063
652708.7
637082.3
639682.4
639965.3
636862.6
637096.7
639694.9
639991.2
638281.3
641250.5
640037.9
639523.7
638255.6
641132.8
639989.9
620795.3
620042.4
621289.9
622294.4
620807.3
620053.2
621302.3
633962.2
631105.6
634139.6
630985.5
633963.7
631109.4
634147.3
657481.1
659675.3
657418.4
660955.4
658071.2
660117.9
657756.7
601803
602423.1
598031.3
598450
601803
602423.2
598031.3
644670.3
644042.5
645920.4
642705.3
644503.3
643714.3
645571
629361.3
628201.7
626403.4
627533.2
629382.9
628225.3
626423.4
689730.4
686612
686649
685607.9
687501.7
685517.1
687565.7
589860.3
589924.3
589860.6
594053.9
594546.8
594054.4
594547
655203.5
652465.1
651619.5
654664.2
655211.1
652470.1
651625.3
621603.5
620194.1
623133.2
618201.2
621603.5
620194.3
623133.5
646072.1
643360.8
645699.6
643655.5
646064
643353.6
645694.5
687428
684919.5
687568.6
683237.4
682446
683313
682479.2
611815.9
609381.1
611952
609025.9
611819.3
609383.3
611955.4
600820
598712.3
600139.9
597726.4
600820.2
598712.3
600140.2
655974
655488.8
656182.5
653112.7
653955.8
653130.9
654097.3
636682
639355.9
639474.7
636567.3
636679.3
639351.3
639473.6
665495.5
663439.5
663007.1
664946.7
665456.1
663456.3
663034.9
664985.5
663305.9
665149.2
663363.4
665047
663470.4
665121.6
647434.8
650019.3
650197.5
647429.1
647518.3
650153.5
650323.9
601712.4
601450.8
601709.9
605972.1
605864.2
605971.1
605862.9
678115.9
675607.4
675524.2
673995.1
676422.7
673926.5
676494
646942.1
645984.3
647740.7
644727.5
646630.8
645871.5
647667.6
660727
659005.6
657973.5
661267.2
660749.3
659023.6
657987.9
603353
601533.3
599022.2
597989.7
603355.4
601535.8
599024
665397.9
663836.2
665464.5
663144.7
665097.4
663229
665152.2
659218.1
660842.2
658608.6
661331.5
659240.7
660866.1
658631.4
643017.9
640294.4
640140.9
643622.4
643019.7
640295.4
640142.2
657996.7
656917.9
657860.3
655669.2
654787.4
655562.9
654688.1
664457
667160.9
665868.1
666252.2
664530.6
667142.5
665902.1
592051.3
595806.8
596915.4
599193
595806.8
596915.4
599193
625462.3
623936.1
625260.1
626959
625484
623954
625279.2
648650.6
646649.3
645825.5
649582.5
648654.4
646651.5
645828
644817.7
642053.5
642210.4
644672.5
644858.3
642058.3
642214.3
661670.3
661822.5
660391.9
660252.9
661792.4
661940.8
660529.1
603375.5
603041.1
603375.4
607678
608209.1
607684
608220.2
621724.4
623426.6
620640.6
622308.5
621738.2
623441.8
620652.8
659680.4
660170
660517.8
659895.3
664095.4
659545
663668.1
651120.4
652537.8
650441.1
653288.8
651139.7
652537.1
650446.7
642336.5
639189.7
640548.6
641044.3
642097.6
639323.9
640578.7
630450.9
626935.2
627446.4
629595.5
630467.8
626944.7
627464.1
639055.3
639434.8
641068.8
636999.7
639048
639441.6
641047.6
626404.7
624899.6
624603.2
626744.4
626426.7
624916.3
624621.2
659522.8
658621.1
659582.9
656440.1
657176.5
656290.6
657021.7
603140.5
598883.1
602118.3
598110.5
603141.5
598883.5
602120
638145.3
638087
640545.7
640681.6
638137.1
638075.4
640530.9
640414
641782.6
640205.7
638326.6
640396.6
641746.8
640189.2
642070.8
638879.2
639001.7
641846.6
642079.7
638885.4
639006.9
650538.3
649182.3
651963.1
653601.5
650544.9
649189
651972.4
644106.9
642574.1
642701.5
640952
644159.8
642547.3
642734.4
659931.5
661708.3
661810.4
660017.7
660102.6
661793.2
662057.8
661870.8
661684.2
661532.5
660286.5
661624
659794.1
660725.7
604183.2
601836.3
602364.1
600790.5
604180.2
601824.6
602361
589324
589358.7
589323.9
593429
593295.3
593428.9
593295.1
616504.7
618822.6
619759.7
615599.8
616513.2
618830.4
619768.6
644403.2
642880.7
641732.2
643121.5
644277.5
642755
641778.3
637072.9
634566.8
637073.1
635726.6
638253.9
635726.8
638254.1
652044.8
651853.9
653780.9
654074.3
652129.6
651884.4
653666
670894.7
671955
672686.4
670401.8
670880.6
671998.8
672731.3
641988.1
644593.9
641979.1
644577.3
641965.1
644579.1
641966.7
630695.5
630846.5
633812.2
633690.9
630689.7
630843
633808.7
671087.9
672508.6
673949.6
672722.7
671062.8
672487.8
673937.6
660221
660208.5
659349.2
657925.8
657929.4
657688.2
657634.5
653419.4
650650.2
650142.4
652802.8
653467.9
650689.1
650190.3
599077.3
598490.3
602783
603921.1
599077.2
598490.2
602782.7
645456.5
645314.4
642949.8
643108.1
645436.3
645292.9
642930.3
644354.1
644004.1
646518.1
647031.8
644373.1
644015.8
646535.2
652354.6
654387.7
654763.6
652843
652276.2
654242.2
654812.6
681727.6
683883.1
681466.2
683404.4
681282.5
683306.3
681205.3
656053.1
655773.1
658076.4
657945.9
656004.5
655650.6
657942.3
668963.5
672427.7
668790.8
671212
667991.4
670825.4
667769.2
637043.8
637525.6
638788.6
635866.6
637106.9
637632.8
638897.3
631541.9
629059.3
627567.6
630067.9
631562.1
629078.9
627586.3
612785.8
608435.5
609400.7
610912.3
612785.7
608435.5
609400.7
633461.2
631118.2
629025.8
631117.6
633505.8
631154.2
629056.6
659052.8
655157.7
656243.4
657350.8
659067.7
655238
656292.4
632510.6
632447.5
635452.2
635422.4
632507.9
632446.8
635451.6
655696.9
656260
654211.9
657172.8
655712.5
656276.5
654224.4
635492.9
632637.2
632838.4
635442.1
635483.4
632632.2
632830.8
663365.2
658883.4
661588.5
659461.1
663050
658787.2
661441.8
661188.9
659972.9
661013.5
657765.8
658860.5
657921.4
658630.3
627307.5
626583
625186.2
628516.7
627326.5
626600.9
625202.6
604949.5
604414.2
604916.1
609965.6
610852.8
609937.8
610751.6
647457.8
644691.2
645005.3
647877.3
647488.4
644709.8
645019.8
658756.8
658515.7
659108.7
657093.2
656674.9
657274.6
656904.7
685238.2
682368.3
684714.5
682763.4
685265.4
682385.3
684726.8
700136.8
697477
700094.5
696910.3
694838.1
696827.9
694692.1
603955
601675.9
601711
599081.7
603954.9
601675.8
601711
662427.5
662040.3
662634.2
659613.2
660080.7
659518.4
660183.5
685556.7
687438.2
685357.9
684800.6
683178
684726.8
683266.7
658432.1
656014
656478.3
658240.6
658452.2
655839.2
656200.9
619871.9
617055.7
617095.7
619676.7
619872
617055.8
617095.8
656986
654488.9
656987.6
655555.3
658104
655556.8
658106
649996.9
647903.6
648475.1
650053.5
650137.2
648041.9
648644.7
658891
659017.4
659098.2
658316.5
657292.2
657934.2
657227
620776.9
618345
618403.7
621263
620773.7
618342.5
618401.3
598848.4
598409.1
601553.8
601747.3
598848.4
598409.1
601553.8
614596.7
617673.4
617377.3
614698.8
614601.8
617680.3
617384.3
659683.9
656603.9
657130.9
658402.7
659507.2
656615.3
657420.8
656870.3
660259.4
657301.4
660069.6
656913
660273.4
657327
604058.3
603727.7
604049.9
609325.3
608753.1
609324
608783.8
662838.9
662799.8
662669
660316.4
660320.9
660284.5
660286.1
654419.8
652254.2
652195.3
653812.9
654185.9
652057.6
652045.5
636602.3
636552.9
639296.5
639295.8
636589.5
636541.8
639284.9
615256.5
612509
614280.4
617020.7
615256
612508.5
614279.6
637167.7
639824.2
640052.7
637375.7
637233.5
639890.6
640100.9
628380.5
624844.4
623578.5
627269.6
628703.9
625163.1
623674.3
662288.2
662040.9
662230.3
660404.4
660324
660324
660230.2
663170.2
662467.7
662765.1
660676.3
660107.1
660500
659930.2
663620.9
663576.2
663448.2
661399.6
661355.2
661132.6
661059.2
663484.4
663213.9
663785.8
661554.2
661317.8
661532.4
661291.1
662547
662128.7
662239.3
660260.6
659962
660041.6
659777.8
663256.7
663171.9
663530.1
660872.4
661120.1
660934.7
661098.4
663354.9
663259.1
662869.1
661367.4
661209.5
661076.6
661052.7
662089.7
661802
661899.3
660051.6
660199.6
659824.8
660023
663758.5
664068.9
663932.1
661360.7
661563.1
661656.1
661771.8
662607.4
662493.7
662190.1
660955.8
660560.4
660310.5
660568.5
662909.7
663730.9
663062.3
661116.4
661604.6
660948.3
661817.3
621910.9
624674.5
625080.3
622267.8
621911
624674.6
625080.4
630060.8
626738.7
627181.4
629740.7
630054.9
626735.7
627176.9
618125.4
617376.8
616622
618978.5
618132.8
617384.3
616628.3
637226.9
634209.1
634445.4
637140.8
637227.8
634209.6
634446.1
615085
617156
618400.7
613673.9
615093.9
617165.5
618411.9
611442.8
607580.2
608318.5
609975.8
611442.1
607579.8
608318
641323.7
638706.8
638503.4
641595.4
641330.6
638712.9
638507.2
610593.8
610938.6
608490.8
613255.5
610593.5
610938.4
608490.6
619910.4
618270.1
621583
622913.3
619909.4
618269.5
621582.4
647710.4
647498.9
649932.9
650099.6
647832.6
647588
650068.4
681330.7
679577.7
681797.8
678980.8
681374.5
679623.6
681857.6
662702.2
662681.9
662594.1
660705.8
660531.8
660623.3
660081.5
662724.4
661835.2
662362.8
660150.1
660363.7
659773.1
660051.6
652988.5
653255.4
655698.8
655564.1
652992.8
653258.9
655703.7
673222.9
674617.3
674972
673022.3
673207.4
674619.7
674968.1
656713.1
655333.8
656212.7
657146.9
656818.7
655392.5
656313.1
668271.5
666680.8
668321.5
666694
668303.8
666729.9
668348.1
608279.1
604695.5
604939.8
608524.7
608278.3
604694.9
604939.2
611939.4
611723.3
615016.6
615157.7
611938.2
611722.2
615015.3
612982.3
613109.4
614851.8
615256.3
612987.4
613114.9
614858.5
602066.5
601800.7
602063
605752.5
606126.2
605751.1
606125.7
654720.9
652101.3
652348.7
654484.4
655017.4
652326.3
652581.7
604858.3
604653.4
600900.9
601279.1
604860.2
604655.6
600902.6
612942.8
612147.9
611492.5
614253.2
612946.7
612151.6
611495.8
621933.6
619411.9
621933.6
622754.8
620148.2
622754.8
620148.2
640867.4
638233.8
638343.5
641081
640861.2
638229.4
638343.4
632687.9
630749.6
628870.4
630880.4
632721.8
630776.9
628896.8
649516.7
648846.5
650934.8
651942.5
649564.9
648868.1
650964.8
607928
604876.5
604722.4
608104.6
607928.1
604876.5
604722.4
655541.2
654147.8
653256.7
655510.1
655757.1
654348.5
653400.5
623946.2
622781.1
620148.6
620757
623957.1
622792.1
620157.5
624264.9
623682.8
627032.7
627419
624260.8
623678.8
627026.4
645579.6
645845.9
644332.7
643629.5
645561
645781.6
644299
628887
626551.5
626297
628144.4
628901.6
626567.5
626311
662368.1
663021.3
662928.3
661781.3
661117.6
661790.8
661193.4
608102.4
609636.8
614031.8
609522.7
613871.2
614262.4
613282.2
666425.2
666467.8
664044.1
666471.3
664047.2
664204.6
664207.1
662717.4
660443.1
659946
661000.5
660418.1
659830.7
660939.5
651568.2
651884.8
653166
653441.8
651742.9
651814.7
652968.1
601298.8
597757.1
597700.3
601418.9
601298.8
597757.1
597700.4
649211.9
648472.2
647551.8
646818.4
649268.9
648538.1
647621.8
642740.9
642546.5
645351.7
645233.6
642716.8
642516.9
645320
627810.5
624554.7
624668.3
627655.5
627807.3
624551.1
624665.6
605309.1
606032.6
609342.8
608565.8
605309.1
606032.6
609342.8
625417.4
623610
625284.5
626980.4
625434.4
623622.5
625297.5
666196.6
666185.8
666205.8
663453.8
663480
663478.2
663495.6
662530.4
662136.9
662948.6
662885.6
662454.3
662178.6
662350.7
648541
646815.3
645070.4
647352.4
648618.3
646895.1
645117.7
669880.5
671442.2
671584.3
670049.5
669906
671453.8
671607.8
647340.7
647160.5
649475.9
649662.6
647249.1
647091
649412.1
609562
607766
607410.8
609996
609564.5
607767.9
607412.6
675426.2
677455.6
676593.2
675918.9
675464.3
677536.1
676648.8
604376.5
600326.3
600594.9
604489.1
604379
600328.1
600596.7
655045
652466.4
652635
655298.4
655240.4
652659.7
652807.4
654591.3
655980.6
654717.8
655948.1
654816.5
656230.1
654901.8
627987
624774.4
624732.2
627905.3
627988.4
624774.6
624730.7
628148.7
624804.9
624829.6
628064.2
628157.4
624807.4
624834.9
629708
626968.8
626768.6
629556.3
629734.5
626990.4
626789.7
629443.2
627264
626151.3
628987.9
629475.2
627291.1
626170.1
629165.9
625906.1
627200.2
629548.9
629199
625927.1
627221.9
614693.6
614871.8
611243.1
611509.7
614693
614870.8
611242.5
653905.9
654289.8
652851.2
655582.1
654028.5
654329.8
653027.9
660896.7
660031.2
660725.4
659144.4
658634.2
659008.6
658531.8
652733.9
653658.3
654581.8
651675.2
652751.7
653727.4
654558.8
691927.4
695773.4
695815.8
690120.7
692396.5
690332.3
692458.4
606034.2
605412.6
610081
609131.4
606033.6
605411.9
610079.8
662857.5
664953.9
665039.4
663125.3
662887
664997.6
665051.5
633577
630478.2
630246
633547.9
633567.3
630470.4
630237.8
646333.4
643134
643842.8
645755.1
646488.4
643192.1
643901.2
607553.6
607365.4
604581
604595.2
607553.6
607365.4
604581
645029.7
642401.5
642694.8
645364.4
645093.4
642430
642740.7
628613
625042.7
625479.1
628338.1
628631.2
625051
625492.1
626007.8
628964.3
625049.9
629310.6
626006.4
628963.7
625049.5
648403.3
650403.1
652119.1
649727.1
648262.4
650334.4
652048.3
643785.3
646244.1
642569.1
645286.6
643761.5
646194.5
642558.4
647891.4
650037.8
650522.9
646978.2
648111.2
650073.4
650295.4
618696.5
618165.2
615942.9
615540
618696.5
618165.3
615942.9
683648.5
685898.1
686601.9
683286.5
683739.1
685926
686591.8
681214
683124.3
682697.5
679116.6
681117.7
679172.2
681145.8
697333.6
699730.8
697356.4
695729.1
697764.5
695729.6
697746.1
663028.7
663275.1
665575.5
666325.7
663055.8
663304.8
665575.1
658677.9
659115.3
657634.5
658185.5
658907
659260.4
657768.7
613539.7
615977.6
619144.6
616848.7
613546.9
615985.6
619156.1
674337.8
674146.4
672957.7
672910.6
674349.1
674168.1
672976.9
643038.7
641901.1
645359.3
644342.8
643039.4
641901.5
645360.1
676764.9
677500.6
675578.6
674631.2
676697
677479.6
675572.7
677875.8
679193.6
678388
678231.5
679462.9
678065.2
679494.2
647904.3
650615.8
649668.8
646857.6
647910.8
650624.7
649678.8
604234.6
604243.1
607516
607092.5
604234.3
604242.9
607515.8
616894.7
614392.3
616894.7
615023.4
617576.6
615023.4
617576.6
627838.4
629957.4
627164.9
630202
627839.2
629958.6
627165.6
663162.8
665970.9
662958.1
662757.6
664859.4
663832.5
665237.4
618879.4
617362.9
619055.4
620727
618889.9
617371.3
619065.7
630053.3
627232.9
627917.4
629819
630079.7
627253.7
627942.9
600870.4
597996.8
601380.1
597768.7
600873.2
597998.8
601382.4
625925.1
624175.6
626824.6
628480.8
625943.7
624192.9
626848.1
655008.4
654101.4
655743.6
657130.9
654893.2
654008.2
655722.3
605961.3
603530.9
603713.6
605845.3
605961.2
603530.9
603712.7
669138.5
668690.2
669486.6
670934.5
668579
669185.8
670839.2
641717.5
643111.9
643685.5
644984.4
641680.8
643119.8
643639.6
634392.5
632141.6
629747.9
632587.2
634376.9
632129.9
629739.1
648113.6
650808.1
648644.1
649908.1
648207.2
650852.1
648766.5
642068.4
639573
642068.8
643252.2
640760.6
643252.6
640760.9
616049
618127
619895.6
618493.4
616047.7
618124.9
619893.5
651144.8
651703.4
654462.6
653990.3
651171.3
651721.3
654487.4
644581.8
641914.2
641887.1
644675.8
644559.7
641891.1
641864.6
653110.2
655067.8
655203.2
652898.4
653071.8
654898.2
655062.8
600435.5
601781.2
598989.4
603732.8
600437.7
601783.8
598991.5
635961
632889.8
632820.7
635890.6
635964.1
632891.8
632822.8
668854.4
666889.8
667292.4
668059.3
668819.6
666858.4
667284.9
600006
599792.5
600004.6
601528.9
602067.7
601526.1
602068
615285.2
612338.6
613213.7
615623.3
615283.3
612337.2
613211.9
647626.9
650065.5
647862
649776.1
647594.6
650011.8
647823.2
681828.6
680499.2
684010.3
683032.6
681945.7
680618.6
684076.9
648293.3
645992.8
644589.8
646539.8
648272.2
646034.6
644605.7
665112.8
665225.5
663946.2
663708.5
665182.2
665287.2
664014.8
632521
635574.2
632682.7
635747.5
632521.8
635576
632684.3
647099.8
649568.1
647734.6
649552.5
647166.5
649615.9
647762.8
602711
602399.4
602709
607129.8
606635.9
607132.9
606637.8
633700.9
631055.3
629310.9
631512.7
633729.5
631081.4
629337
653183.1
652370.2
655003.9
655617.2
653195
652383.7
655020.7
616596.2
619118.3
616301.6
619443.3
616596.2
619118.3
616301.6
609317.7
611709.7
615259
612817.1
609321.7
611715.3
615265.1
673377
675568
674163.6
674615.3
673415.4
675648.5
674246.3
634418.7
630782.9
632363.7
633791.8
634407.4
630774.2
632353.3
611865.1
609337.4
611865.1
612424.8
609770.2
612424.8
609770.2
679323.8
682967.6
682967
678394.1
680755.8
678453.6
680782.7
599695.2
599475.5
599672.2
600881.6
600514.7
600865.7
600485.7
647307.9
644213.8
646304.5
645619.9
647309.4
644214.7
646305.6
644886.8
646421.2
643755.9
647641.4
644889.8
646425.7
643759.1
651624.7
653672.9
653960
651831.4
651500.3
653615
653861.7
630341
627485.6
627940.5
630868.8
630341.2
627485.7
627940.7
671735.2
671964.8
670057.1
670172.2
671709.5
671925.6
670044.5
621835.8
619546.7
621073.5
619045.9
621847.2
619555.9
621084.8
675017
676717.3
676497.4
675164.4
676243.1
674951.4
676153.6
610801.6
610511.2
612230
612135.4
610804.4
610513.8
612233.6
617226.1
618601.4
615292.7
619811.4
617224
618598.4
615290.9
660736.3
658216.5
660802.3
658141.7
660750.5
658223.6
660812.7
688618.8
685775.2
685797.9
686030.5
688403.2
686015.4
688379.8
641554.9
640424
642511.2
639261.5
641557.8
640405.1
642487
659219.2
657081.6
657129.6
659298.4
659213.9
657101.3
657116.1
649857.9
647716
648293.8
650026.5
649799.7
647629.9
648193.1
604791.8
601594.5
602674.4
605164.9
604796.6
601597.4
602678.1
622050.2
624460.7
624079.4
625643.8
622050.5
624461.1
624079.8
650698.8
653395.7
653032.6
651113.3
650645
653404
653046
645365.6
644038.1
646314.6
645339.4
645407
643983.6
646326.2
644756
645766.5
642991.8
642575.7
644823.8
645820.1
643046.1
608180.2
603861.7
604981.8
606304.1
608184.9
603865
604985.1
615565.5
613979.1
614230.8
615957.6
615571.4
613983.9
614235.9
597790
598050.4
601364.4
601290.4
597790
598050.4
601364.4
662608.5
662689.1
662844.3
663586.8
662361.5
662835.5
663019.3
589827.1
589554.5
589827.1
593649.2
594425.6
593649.1
594425.6
589181.3
589602.3
589181.3
593612.5
592340.9
593612.4
592340.8
590097.7
589841.9
590099.1
593625.9
593265.7
593627.4
593267
589535.2
589179.3
589535.2
593846.1
592441.8
593846.1
592441.8
651947.2
653543.3
651691.9
653982.7
651903.4
653542.5
651609.2
652572.2
654813.2
654461.5
653224.5
652466.1
654746.3
654339.4
618077.2
618551.9
620431.8
619814.9
618085.7
618560.7
620442.9
671442.5
671557.4
669939.2
669881.4
671441.5
671541.8
669940.8
606806.9
604287
606806.9
604499.9
607140.5
604499.9
607140.5
599112.3
598389.5
598954
599421.8
600146.8
599407.6
600108.1
600398.5
600247.2
600398.4
602674.4
603271.9
602674.6
603272
658287.8
656308.4
656312.6
657938
658196.8
656321
656338.2
605853.9
604119.2
605047.6
603460.4
605854
604119.4
605046.2
617254
614336.8
614172.2
617760.5
617251.6
614335
614170.7
658409.7
658379.3
657071.6
657213
658577
658670.9
657432.6
661769.4
661296.2
661532.2
659890
659556.3
659528.2
659406.9
617463.3
619813.5
622312.9
620291.9
617463.4
619813.7
622313.2
614899.8
615787.4
614193.7
616991.9
614906.6
615793.8
614198.1
650553.5
648294.1
648873.3
651198.8
650473.3
648236
648788.1
629198.9
627595.7
626513.9
629930.8
629199.8
627596.4
626514.5
657919.8
656676.8
656331
658464.3
657795
656587.4
656186.1
662178.2
660946.6
662712.6
661844
662266.2
661029.6
662773.4
659248.5
656888.9
657008.8
659350.4
659245.7
656965.2
657326.2
659126.1
656871.6
657073.4
658880.6
659124.4
656749.4
656717.3
600997.5
600646.7
600996.4
604909.6
603900.1
604908.6
603899.9
607548.4
605742.5
607298.9
611974.5
613119.7
611690.8
612362
661516
659257.5
661518.2
660186.4
661928.6
660188.8
661931.1
656954.3
657928.6
659198.8
658258.8
656810.7
657959
659046.5
594075.1
596290.9
594075.3
596292.6
598822.3
596292.8
598822.7
625762.1
621297
622375.8
624655.1
625861.9
621357.5
622449.4
614171.2
611485
612112.8
614366.3
614171.3
611485.1
612112.9
656788.3
654412.4
654938.4
656164.8
656610
654472.2
655038.7
606090.3
606161.3
604032.3
608187.7
606090.1
606161.1
604032.2
654676
655633.4
654320.2
655758
654703.8
655762.4
654440.8
590131.4
589888.8
590132.4
593990.1
594437.5
593990.9
594438.8
702332.6
701364.9
701310.8
698564
699856.3
698590.9
699876
658956.2
657269.2
657621.9
658731.3
658967.4
657087.6
657498.8
663331.3
665032.8
665483.2
663981.5
663725.9
665273.6
665412.7
625102.8
629427.5
626193.3
629012
625102.8
629428.3
626193.8
627673.6
631319.1
628292.1
630547.6
627667.6
631308.9
628284.3
658004.8
655535.2
656007.1
657395.8
658008.7
655527.5
656056.5
605008.3
602532.4
604940.6
602960.9
605006.2
602522
604938.5
677522.9
678183
677159.9
677228.3
676713
677367.3
676677.8
627917.8
621928.2
628175.5
625625.2
620224.8
625691.7
619993.2
653453.5
649664.2
651357.9
651943.5
653502.3
649811.4
651439.3
637248.4
634701.5
637263.9
635153.9
637249.6
634702.4
637265.4
652729.4
654752.6
655012.3
652476.5
652718.3
654756.6
654687.8
618100.4
621496.1
618205.7
621484.5
618099.8
621494.7
618204.4
621111.5
625035.2
622152.3
624921.6
621108.1
625030.1
622149
624319
623939.8
622850.2
625918.5
624333.9
623954.8
622863.9
606732.3
610595
610881.4
607788.4
606731.8
610593.9
610880.6
615806.1
615390.7
613501.1
618171.1
615806.2
615390.9
613501.2
665179.4
665035.2
663799.3
663269.6
665248.5
665121.3
663859.4
663275.9
664434.7
665147.8
663233.2
663783.8
664349.8
664428.8
608071.1
605023.3
605961.1
606935
608072.8
605023.9
605961.8
666191.3
666150.8
666202.6
663291.2
663450.1
663297.8
663459.9
658098.9
660708.8
657789
660480.9
658104.1
660716.1
657792.9
617550.3
613381.2
618522.1
614196.9
617595.8
613416.1
618574.2
597671.3
596859.2
597677.1
598629.6
597900
598626.9
597899.5
618357.8
621495.2
618290.9
621441
618355.7
621493
618289.1
659157.6
656931.4
657116.2
659079.8
659109.7
657030.1
657068
668636.5
669079.6
666915.1
666918.9
668670.8
669061.1
667241.1
606596.7
606329.4
604227.9
608692.1
606596.6
606329.3
604227.9
658375.5
656355.2
656653
657973.3
658217.9
656126.8
656382.7
657072.8
656424.6
655059.4
655695
657059.9
656532.8
655110.9
686337.5
688076.6
688280.8
686146.3
686336.7
688078.7
688267.8
659275.3
657123
657195.3
659133.6
659117
656860.8
656990.4
624490.4
625359.2
622735.7
627857
624508.6
625373.8
622751.2
660704.6
659824.3
659858.9
658913.9
660754.6
659892.6
659916.9
654924.7
655044.4
652733.2
652753.9
655002.2
655091.8
652601.2
651480.8
652051.7
649711.8
652834.4
651302
651907.8
649562.7
648044.3
651052.4
649125.3
650638.9
648081.2
651022.3
649012.1
601744.8
599203.8
601744.8
601835.1
599108.9
601835.1
599108.9
651089.1
650639
648520.3
649240.2
651091.2
650640.7
648521.7
612251
607658.9
606246.5
610086.4
612256.4
607661.3
606249.5
636787.8
636932.3
639350.5
639370.4
636772.2
636918.5
639333.4
652356.8
654429
654514.4
652416.7
652288.8
654471.3
654298.1
621894.9
617360.1
618473.5
623817.2
622343.1
617287.5
618563.6
665222
662590.5
661418.3
663292.7
662595
661421.6
663296.2
649091.3
649933.4
647674.1
646742.6
649092.2
649934.7
647675.1
651494.1
654696.2
652285.1
653945.1
651495.3
654698.3
652286.7
647993.1
646670.8
645327.8
646574.7
647893
646629.4
645241.9
657825.4
655912.7
656862.7
658232.6
657622.5
655820
656731.5
672737.3
672897.7
674821.3
670204.1
672621.3
672773.4
674638.7
643648.9
645949.7
643200.8
645996.8
643721
646137.4
643219.9
639869
641465.5
639500.9
642357
639870.6
641467.9
639502.8
610357.6
614444.8
610880.6
614113.5
610357.7
614444.7
610880.4
604480.1
604274
607758.6
608034.8
604479.7
604273.6
607758.1
608847.7
606609.9
604377.4
606512.7
608852.9
606614.3
604380.9
616528.8
618132.5
619730.7
621257.1
616539.6
618144.7
619744.5
655238.9
655414.9
656287.5
653833.6
655226.5
655379.5
656259.7
690492.1
692458.9
692920.7
694524.4
690453.1
692415.5
692910.1
605168.2
603159.7
602697.2
605495.3
605169.4
603160.3
602697.9
659339.3
657162.7
657665.3
659209.8
659361.8
657184.5
657649
604204.3
600076.7
599720.8
604299.5
604207.3
600078.6
599722.6
610724.3
612195.7
613753.4
612153.9
610727.3
612199.8
613758.9
671924.7
675033.5
673720.3
672717
671692.2
675077.7
673744.4
624571.7
621202.6
622178.1
623937.6
624568.4
621200.9
622175.7
689000.8
691415.6
690251.8
688182.3
688997.1
691412
690254.7
649901.9
647941.9
650136.1
647082.4
649911.1
648010.7
650128.9
628503.5
630285.4
627814.3
626450.6
628495.4
630276.1
627805.9
604550.3
600093.8
601933.1
604741.4
604550.1
600093.6
601933
616537.9
614318.7
614405.4
616246.8
616544.6
614323.8
614410.4
679387.7
680442
678212.2
681966.4
679501.9
680609.1
678280.9
659908.7
659054.4
657224.6
656455.3
659912.3
659057.2
657227.3
655604.8
655263.1
652868.4
653214.9
655608.6
655265.9
652870.6
678922.3
676981.9
675429
677194.3
678949.6
677059.1
675549.2
595760
594414.2
595760.1
595684.2
596904.7
595684.2
596904.6
626708.4
626705.7
624305.2
628847.9
626734.4
626730.7
624325.3
619948.1
624711.8
622071.1
622913.6
619961.6
624731.8
622087.3
623027.4
621430
622091
623478.6
623043.6
621443.3
622105.3
651964.4
653209.6
651590.6
653599.3
651913.2
653258.2
651480.9
627012.1
623405.8
625074.3
628118.7
627012.6
623406.1
625074.7
669526.6
667258.5
667238.6
669996.2
669443.8
667424.4
667400.1
680049.4
679881.4
677455.1
677789.7
680132.6
679939.6
677502.2
655697.4
656020.5
657674.9
657706.3
655624.3
655820.7
657479.1
686573.1
683917.8
685912
683940.6
686575.5
683962.4
685915.5
689776.1
690405.5
690919.6
692264.4
689783.4
690422.7
690925.7
637939.6
639954.9
638208.5
636247.5
637941.7
639957.3
638210.3
596808.4
594472.6
596808.4
594750
596767.2
594750
596767.2
605979.9
600465.4
602890.8
604481.8
605980.3
600465.7
602891
617246.8
613928.7
615518.4
615583.5
617255.1
613933.8
615525.6
657265.7
657082.2
654997
655292.4
657104.2
656796.3
655076.8
591245.7
593556.7
596031.2
595000.7
593556.7
596031.2
595000.7
613782.4
612137.9
612054.5
609865.2
613785.5
612137.8
612056.6
600657.8
598042.5
601014
597246.5
600657.7
598042.5
601013.9
695031.3
696960.9
698235.5
696493.4
695037.9
696959.5
698116.5
598902.3
596453.4
600080.6
597085.8
598904.6
596455.2
600083.1
654659.2
655191.6
655642.9
653549.1
654361.4
655240.4
655461.5
648769.2
650910.4
649008.7
651118.8
648746.2
650932
649117.7
686775.5
688477.2
689300.7
687414.6
686793.6
688484.7
689302.4
693556.3
695538.7
692148.4
693836.8
693562.5
695535.1
692149.8
614512.2
614453.7
617088.9
616797.9
614517.2
614458.6
617095.8
658583.2
656923.5
657064.9
658606.7
658520.1
656858.5
657344
702873.6
702069
702058.7
699449.4
700313.8
699420
700289.6
658648.9
657001.3
657326
655759.4
657058.5
657375
655483.2
597184.5
599519.1
595161.2
597000.7
597184.5
599519
595161.1
589324.9
589412
591820.2
589412
591820.2
592139.7
592139.7
590563.4
591916.8
592700
591916.9
592699.9
594038.2
594038.2
)
;

boundaryField
{
    buWall
    {
        type            calculated;
        value           nonuniform List<scalar> 
2480
(
589708.9
621355
608353.5
595405.1
648279.4
660456.5
617655.5
644078.6
614988.5
601193.2
625308.4
658422.9
594525.4
639079.4
674382.2
630011.8
636508.4
601561.8
600425
648391.2
640853.2
615735.5
613197.4
617746.3
641413.1
645065.7
648717.9
592589.5
645131.4
643791.2
647066.2
686859.7
635119
642217.4
639099.1
624149
610173.6
637374.4
643418.8
622840.4
623452
621243.7
597060.2
646843.6
676364.1
646388
631568.7
649875.2
629609.3
672301
643089.6
615402.4
615887.6
624125.7
605585.2
620327.8
611281.9
608083.2
624476.3
608009.4
668429
606054.3
607686.4
594260.7
675863.1
642051.6
680871.2
608466.7
658680.3
602265.4
630505.1
611690.7
611017.2
637806.4
639985.2
643580.9
599568.1
619801.6
634268
653396.3
600984.2
648316.6
648103
593916.9
622858
616937.5
640748.6
637397.4
644851.8
641490.7
636362.5
638048.9
639383.9
640588.3
619666.5
650508.3
648946.9
610834.2
627236.2
640087.7
635201.2
636468
597039.9
630294.8
622391.3
643231.4
593840.3
594862
593210
617968.1
630334.6
616461.5
635349.8
630052.8
633466.5
603540.8
632545.2
628647.3
632848.6
638858.3
619341.2
612538.3
598130.3
638552.4
645245.5
594798.2
652085
634630.5
607252.8
621356.7
598526
636777.2
650974.7
631637
628765.9
637112.3
638759.4
629704.4
634557.6
638164.3
637397.7
626009.7
643511.5
666050.7
652855.7
665957.6
642935.6
637626.6
657522.1
621603.6
636663.3
647186.5
666718.4
616094.5
612241.5
649571.2
673189.1
649289.2
656435.3
662057.1
657732.3
655534.7
660224
590016.3
674134.7
636926.8
632806.5
613911.7
643643.2
608563.2
648922.8
622702.3
648446.4
635972.4
652019.6
635587.5
625945.9
666319
644547.5
671127.8
649499.6
665718.6
667094
650243.7
663353.9
672010.5
664752.6
646622.5
616397.9
663590.6
633193.5
613464.9
613021.9
680680.9
610618.7
624538.6
612696.4
676693.9
612160.3
646733.5
674015.4
659946
611646.7
635018.9
634880.7
634206.3
634644
634635.4
634359.4
634538.2
650314.7
636797.3
638956.2
621289.9
634137.1
650152.1
601803
632993.4
627500.3
679013.2
589860.3
655203.3
620194.1
645699.5
674432.7
609023.6
600139.9
648884.3
636576
662973.5
643021.4
645193.9
601452.7
660637.5
647740.7
657973.5
599022.2
646401.1
661062.6
643620.9
657996.7
667069.9
592051.3
625430.7
649579.2
643105.6
641633.5
603041.9
623426.6
649964.6
650994.3
640831.5
627446.4
636951.9
624603
659522.4
598883.1
640545.7
639918
639001.7
653590.8
643912.6
640341
657180.7
604183.2
589324
616497.4
638479.8
634566.6
653780.9
656788.2
644593.9
633811.7
665142.9
655791.4
650142.4
602783
642966.3
646442.4
650164.8
672534.2
652850.6
660567.8
637038.2
631541.9
609400.7
633461.2
656243.4
632510.6
655696.9
632838.2
657768.2
657513.7
626543.6
603085.7
645005.3
654735.2
676901.3
690034.8
601675.9
658908.8
675989.4
643671.7
617095.7
654487.7
648475.1
657449.6
618403.7
598409.1
614693.5
647231.9
660027.3
609325.3
660077.8
643131.9
636379
614280.4
636840.6
624795.9
661995.2
661268.1
663008.1
662326.3
658287.1
662972.3
662721.3
661433.7
662343.8
660958.4
663245.2
624674.5
627181.4
616622
637140.1
617156
608318.5
641323.7
613255.8
619910.4
638818
674492.7
660076.7
659345.1
652988.5
657324.8
656713.1
647501.2
608279.1
611939.4
612982.3
601803.5
642968.7
601277.7
614248.3
622754.8
640852.8
632408.5
648321.1
604722.4
639099.1
623922.8
624264.4
645579.5
628017.6
642861.3
587400.9
664043.9
651367.2
651884.8
597757.1
639761
642740.9
627657.1
605309.1
623528
663452.3
650551.2
648541
650845.9
646653.2
609993.2
659368.6
604376.5
649141.4
637514.7
627906.6
628058.9
629495
628963
629165.9
611510.6
649062.3
656022.4
648921.9
684704.5
609132.3
661548.6
633478.4
645378.7
604595.2
644494.4
628317.5
628964.3
641904.3
642569.1
646914.7
618696.5
677729.6
671285
685531.5
663012.4
637374.9
613539.7
655826.6
641901.1
674473.9
670911.6
646850.6
604243.1
614392.3
630200.7
648734.4
620714.4
629757.1
597996.8
624175.1
648160.2
603530.9
668288.9
642994.5
634392.4
642806.4
639572.7
618127
651144.4
644463.9
647363.4
603729.8
635961
661178
599791.1
615285.2
649808.1
669572.3
648293.3
645807.2
635744.3
649341.6
607129.8
633203.9
653182.5
619443.2
609317.7
655296
633803.1
609337.4
668120.9
599524.2
645618.5
647637
651884.5
630341
654968.7
621073.4
663888.7
610801.6
619814.7
658132.2
675803.4
637075.1
659219.2
639372
604791.8
624460.7
651334.5
638167.1
642024
606299.8
615565.5
601364.4
652155.6
593649.2
589602.4
589840.3
593846.1
654020.4
643785.9
618076.6
652602.6
604287
598391.1
600248
650037.2
604119.2
614336.8
638238.3
658154.2
620291.6
616983.3
641569.4
629929.7
650659.7
642033.2
654749.3
651524.6
604909.6
605933.6
659255.6
642493.7
596292.6
624526.6
614171.2
644741.9
608188
655610
593990.1
693822.1
651335
648904.3
629427.5
630555.2
655837.4
605008.3
670175.8
613107.1
653453.5
637248.4
652616
618100.3
621111.5
625900.2
607789
618170.9
646418.4
650748
606933.9
666139.7
657788.8
614166.9
596857.8
621443.6
652344.1
650064.6
608692.2
649896.3
648514.1
680568.1
655942.3
627835.5
640153.8
650459.2
652844.8
650623
599203.8
651089.1
612251
636787.8
649478.7
615514.5
665215.1
646741.8
651494.1
646913.2
652281.3
670012
645949.7
642354.8
614112.9
604480.1
608847.7
621241.1
653932.8
688990.4
605494.2
651698.1
604204.3
610724.3
656757.1
623939.8
683897.5
644991.2
628503.5
604550.3
616240.1
665464.8
659908.7
652868.4
662088.8
594414.3
628788.9
622896.2
623025
637970
627012.1
670204.3
665753.5
658095.7
685158.7
683547.8
636246
594472.6
605979.9
613928.7
657262
591245.7
609866.3
598042.5
694408.7
598902.3
649915.8
639792.8
681816.9
692348.8
616790.8
658737.9
692266.7
648570.8
597000.7
589412
591916.8
594152.7
594447.7
589817.9
621150.4
624501.1
624244.4
610517.5
609066.1
606878.2
591342.5
591726.3
595855.1
648856.1
653956.9
653854.7
658037.5
657596.1
660059.1
621789.9
621422.9
617619.7
644011.3
640071.9
646368.1
614133.9
610568.2
611277.9
599392.3
599885.8
601346.9
624235.2
620794.7
622423.5
659153.2
656662.2
656197.1
597267.1
595570.2
591642.1
637758.3
637616.7
640306
674930.9
674393.6
672984.4
621647.8
627968.4
632135.1
633519.4
635540
638499.3
602010.5
597986.9
597653.1
604970.6
603500.1
599305.3
643787.4
644071.5
646680.4
648486.4
640266.1
644448.4
613297.7
609996.2
612682.9
612864.1
610140.8
610428.4
621366.2
621424.9
617946
638856.5
641145.9
643633.3
642221.5
640395.6
643759.7
650834.2
652778.5
644461.8
596624.1
596252.5
592134.8
643389.9
645613.9
645805.8
642075.9
639552.3
640889.4
649727.3
653959.1
656382.2
685070.9
685051.2
687812
634963.9
636422
637629.7
640092.1
640760.1
644066.3
640201.1
644300.9
641286.6
623485.9
620822.4
621428.1
612238.6
612131.8
609802.9
637060.2
640743.4
640425.5
642142
637912.6
638696.6
618976.1
621703.3
624593.3
621333.9
618369.9
621289.8
620343.7
623711.1
623812.7
597013.6
600672
600813.1
644702.1
641718.1
639643.9
678368.6
676437
678972.1
645750.9
642984.2
641806.9
631266.6
628316.7
628636
648486.1
645365.9
652445.1
632599.2
631996.8
629054.2
673034.3
673208.2
674311
645313.7
645065.1
642547.9
615045.4
612548.6
612865.8
612022.2
612640
616691.6
624249.5
622351.3
621645.4
601369.7
602542
605479.5
623500.1
622416.1
619387.1
614744.6
617214.9
614450.3
609437.5
607527.7
606905.7
625380.9
628046.5
627018.4
607980.3
610398.4
610290.6
669045.3
667749.8
666293.5
602932.7
603666.7
606597.1
604601.8
604634.6
607800.3
590123.8
590028.1
593995.4
677860.7
678671.8
675836.5
644855.8
641632
641337.1
685867.6
682926
679283.6
608713.3
611693.4
611623.9
661561.1
664124.8
660032.3
605546.2
605152.8
601714
631551.2
635168.7
633694.4
611213.2
608766.8
608824.1
609120.9
610138.8
611669.6
635982
638075.8
640096
637379.2
637927.3
640712.6
646562.7
649022.9
642732.5
595920.8
596766.4
600420.8
619675.7
616816.6
616943.2
636053.1
638376.5
636406.8
656042.6
648152.9
658392.7
601212.5
597367.1
597178.1
648894.5
646024.9
645439.8
648092.3
647612.7
650337
589991.6
589961.4
593930.7
624010
626161.9
625058.2
617403.4
619401.3
618453
645904.5
645651.5
643201.4
638754.7
640314.6
636907.2
641918.8
642649.9
645304.5
639971.7
637719.5
639983.8
635921.4
634407.4
634220.8
635502.1
634305.9
635534.1
639157.1
642368.1
642848.1
639422.8
636867
637982.7
617332.1
616736
618705.5
648218.3
650987.3
653411
647077.1
647440.8
644923.5
613727.3
613475.1
610657.7
625102.5
626318.9
628723.7
640438.5
638088.6
638048.8
633255.1
632272.2
634084
639184.4
638288.8
635468.2
593088.8
593695.1
597537.6
632551.5
631519.7
629671.5
624338.3
625492.6
623676.2
641876
639050
639920.7
589526.2
589442.2
593610.8
594238.3
590546
590915.7
589291.1
589318.1
593211.7
618294.1
615119.3
614863.8
631073.2
628798.9
628377.2
619149.2
618019.6
615570.1
637129.2
639335.5
637344
628563.4
626895.6
628270.6
631354.9
633428.2
634045.1
599817.7
601633.3
604434.5
630414.6
629344.1
631849.1
630143.6
632904.2
631674.3
631156.2
629940
631535.5
636972.9
635061.1
636713
616041.7
613525.8
616178.7
609256.6
609857.7
613275.1
594370.6
595117.9
598798.5
647186.2
649768.6
639936.7
647251.9
637556.6
644479.2
590167.3
590331.5
595542.8
654141.8
643481.2
652016.5
632877
628580.6
631659.5
604593.3
605465.1
607847
620290.1
617456.8
618398.7
602496.5
601499.8
597673.9
636125.6
633231.4
633815.5
648932.8
647673.4
650391.5
632500.6
635301.9
634273.4
631417.9
630000.7
627435.6
635361.3
632685.6
634261.3
641335.7
643069.2
639624.8
628931.4
626191.9
626903
631637.6
632714.1
634617.3
636608
633498.7
635871.4
635538.1
633074.8
634637.7
624352.5
621634.9
622772.6
643285.8
645218.1
645381.9
663295.5
663066.3
665326.4
639109.7
653937.8
646215.9
668493.8
667321.9
664800.9
646872.6
644071.5
642319.9
640123.2
639444.8
637357.8
660431.8
660567.8
657869.1
623688.8
622287.8
620347.8
639216.4
637742.7
636110.9
649151.5
649077.6
647224.1
669234.7
668819
666176.2
618325.5
619546.2
614426.1
610549.3
607199.4
608834.1
649746.5
647449.9
647507.2
674931.6
678878.4
678681.7
650527.2
652336
650939
658429.2
660824.2
659691.8
663115
665525
664544.6
659933.8
660814.8
657724.1
652758
656286
655842.2
663242
662500.6
659569.5
594317.5
594067.8
589988.4
674171.9
671469
671407.9
634332.6
629930.4
632571.2
630286.3
631083
633828.4
611001.7
611174.6
614052.3
641013.9
637917.2
640574.9
606341.8
606930.3
609054.8
649372.9
647543
647463.6
625689.7
625409.2
622532.5
645939.2
643586.7
646208.4
632329.7
632765.5
636007.8
649740.5
647966.4
650359.6
633178.9
633809.4
635783.6
622737.4
622654.6
626302.4
666309.4
668905.6
668868.4
645705.1
648114.6
647017.9
673734.5
672472.8
669910.5
650566.4
653036.4
651983.1
666831.5
662949.8
660515.4
668022.5
670220.5
669551.6
650291.5
647582.3
647803.4
663435.8
660641.2
660452.8
675527.1
674276
671425.7
661343.4
650634.1
654622.8
647675.8
647556.9
649757.5
619541.1
617883.2
615209.6
662296.2
665087.4
664339.4
632058.7
629546.5
630640.7
613785.9
609708.8
608800.5
614783.2
611312
609252
681604.5
685142.9
682528.4
611754.6
608192.7
607938.2
620602.4
620830.4
623759.5
611917.9
608204.5
608415.3
674624.7
676253.6
678637.6
612813.6
608539.5
608379.7
640108.3
639553.3
653716.6
673856.5
671814.1
672136.2
658756.1
661803.2
663624.7
611786.1
608277.5
608326.4
634342.3
631931.5
632313.6
634759.3
632073.8
632175.8
631902.6
632228.5
635328.7
634490.5
631914.5
632110
634576.3
631515.2
631662.9
634296.5
631213.2
631363.8
633105.7
634624.6
636142.2
643706
641724.1
644517.2
636999.6
639839.4
639677.1
637904.8
636722
638214.9
622274.9
620789.8
620042.4
633903.6
630982.5
631105.6
645199.6
650091.8
646943
598031.3
598450
602423.1
636110.1
639376.5
644084.9
626393.1
628189.2
629317.3
676004.7
679944.6
681169.6
594053.9
594546.8
589924.2
652465
651619.5
654655.2
618201.1
621603.5
623133.2
646072.1
643656.7
643360.8
670949
669017.3
671106.2
609381.1
611952
611815.8
597726.2
598712.3
600820
644706.9
641365.7
643620.9
636666.1
639474.7
639169.2
663439.5
662626.2
664320.9
643901.9
646752.9
645344.1
645778.7
649527.1
647390
601712.4
605864.2
605972.1
665054.4
666817.5
669875.8
640595.6
645142.8
634917.8
658912.6
661245.3
660725.7
603353
601533.3
597987.8
644504
643806.8
650196
659202.1
658607.2
660812
640294.4
640140.9
643017.9
655669.2
654787.4
657046.4
663448.1
664457
660849
595806.8
599193
596915.4
626935.2
625260.1
623914.3
646649.3
645825.5
648650.6
639921.3
642144
640346.5
641483.9
639637.4
639321
603352.2
607999.4
607678
621722.2
620640.1
622290.9
655985.7
658639.6
648289.7
650441.1
652537.8
653328
642336.5
640542.9
639189.7
630450.2
629455.8
626935.2
638003.6
641068.8
639434.8
626404.7
626717.5
624898.6
657176
656440.1
658827.8
598109.6
602118.3
603140.5
640680.1
638145.3
638087
638275.6
640205.7
641215.3
638879.2
641835.7
642070.8
650538.3
649182.3
651963.1
641837.6
640885.5
641114.7
645058
641913.4
642633.4
655717
649172.5
647902.6
602364.1
600798.7
601836.3
593295.3
593429
589358.8
615593.5
618820.2
619739.9
639587.6
643399.3
637069.9
635726.6
638253.9
637072.9
650549.9
641256.6
650580.6
653493.7
651998.8
653066.2
642607.5
641569.7
641967.8
633692.2
630694.2
630832
669208.9
671092.2
666968
647408.2
657375.2
660315.6
652621.9
653371.7
650648.1
603921.4
599077.3
598490.3
642842.1
644800
645456.5
646955
644352.3
644004.1
647180.6
645072.1
650074.4
676687.3
674517
669818.5
647821.7
646685.1
647260.2
659026
658637.6
656790.1
635818.2
637513.8
638775.2
630043.3
627567.6
629059.3
608435.5
610912.4
612785.8
631083.2
629025.8
631118.2
654511.7
657249.6
659052.8
635425.9
635452.2
632447.5
654211.6
656260
657155.1
635489.9
635448.3
632637.2
657183.3
648559.8
652226.2
656269.3
649167
651224.3
625186.2
627307.2
628491.1
604058.8
610211.6
608334.2
644691.2
647455
647853.4
654406.3
650759.5
649152.3
677181.8
680334.9
679585.7
691998.5
689374.8
686977.6
603955
601711
599081.8
658178.1
652980.3
651789.2
673598.7
675105.9
673697
649604.5
655176.9
649770.4
617055.7
619676.5
619871.9
655555.3
658104
656986
649371
639863
647886.8
656303.8
648213.7
657292.2
621266
620776.9
618344.9
601553.8
601747.3
598848.4
614596.6
617377.3
617673.4
656342.1
648706.5
659683.9
660209.7
657301
656870.3
608753.1
602812.2
602282
659607.2
651963
652424.2
643975.3
649130.8
643607.3
638872.2
639280.2
636602.3
617021.6
615256.5
612509
639676.6
640052.7
637200.5
622504.6
622725.1
617819.7
657890.9
654779.6
660063.9
662843.1
654707.1
660045
663094.1
655316.4
659122
662312.8
659755.9
656665.8
659813.5
654301.5
654624.4
662991.4
661120.1
655730
662388
655705.8
657085.2
662045.9
656894.4
656160.2
662689.4
656006.3
659377.2
659877
655275.3
652998.1
662352.7
653647.8
654632.2
621910.9
622267.7
625080.3
630060.8
629744.6
626738.7
618125.4
618967.3
617376.6
634209.1
634445.4
637226.9
618400.7
615085
613666.4
611442.8
609976.3
607580.2
641584.4
638706.8
638503.4
610938.6
608490.8
610593.8
622914.5
621583
618270.1
638902
647965.6
641417
674902.4
680146.2
676468.8
659654.6
655510.9
654780.9
658690.5
651151.5
657212.8
655558
655698.8
653255.4
655333
654366.6
656208.1
646956.5
656212.7
653282.3
649234.7
649563.6
647810.6
608525.6
604939.8
604695.5
611723.3
615016.6
615159.3
613109.4
614851.8
615249.7
602066.5
606126.2
605752.2
642819.6
644168.5
641335.5
604858.3
604653.4
600900.9
612942.8
611492.5
612147.9
621933.6
619411.9
620148.2
641081.2
638343.1
638232.8
630698
628862.9
630748.6
650934.8
651844.7
649516.7
604876.5
608104.5
607928
648447.2
641941.7
639125.3
620748.1
620148.5
622781.1
627424.7
627032.2
623682.8
643636.2
643967.4
645845.9
626123.3
626550.5
628490
642053.1
641447.3
641546.7
605238.1
518026.2
518784.8
664204
666464.8
666421.1
658837.6
640777.8
650117.2
650487.6
653166
653531.7
601418.9
601298.8
597700.3
648472.2
647297.1
647551.8
642546.5
645231.5
644297.6
624554.6
624668.3
627809.8
606032.6
609342.8
608565.8
625207.9
626964.9
625417.4
666156.4
666182.4
663479.7
661774.8
645294.3
651738.6
647218.3
645070.4
641943
650978.9
652826.4
652552
647160.5
649475.9
649345.2
609562
607410.8
607766
660473.9
657932.9
657586.5
600326.3
600594.9
604486.7
653836.3
646543.8
652422.5
637553.5
636311.8
649580.9
624731.9
624774.2
627983.2
624804.7
624828.2
628148.7
626732.7
626959.9
629621.7
626151.3
627264
629443.2
629514.5
627200.2
625905.1
611243.1
614693.6
614871.8
653214.3
652548.1
652851.2
657587.4
657095.4
660855
645669.9
645003.9
648335.8
686333
684229.2
680968.3
610081
606034.2
605412.6
662080.6
665039.4
662397.6
633559
630237.5
630466
642896.6
643842.8
646200.2
604581
607553.6
607365.4
642401.5
642650.6
645005.8
625042.3
625479.1
628611.9
625049.9
626007.8
629312.7
644951.1
643056.9
643879.7
644289.2
643284.3
642817.4
645876.5
650522.9
650027.6
618165.2
615539.9
615942.9
679164.7
682652.6
681306.4
673494.6
670951.4
670214.6
689527.3
692843.4
688760.8
663037.1
664446.2
665575.5
637929.5
638768.2
636410.3
616838.8
619144.6
615977.4
654178.7
654372.2
655731.9
643038.7
645359.3
644342.2
671009.6
668733.3
671287.4
665259.8
667174.4
672295.8
649668.8
650615.8
647904.3
607092.6
607516
604234.6
615023.4
617576.6
616894.7
627838.4
627164.9
629957.4
651463.7
652733.6
652491.9
619055.4
617362.9
618879.3
627230.8
627904.8
630050.6
600870.4
601380.1
597767.4
625925.1
628428.2
626811.8
655008.4
656814.4
646087
603713.6
605961.3
605844.5
666398.8
656198.9
664683
637325.1
641716.3
643111.9
632597.8
629747.4
632135.4
641986
648633.4
648011.5
640760.6
643252.2
642068.4
619895.6
618494.9
616049
653948.3
654462.5
651703.2
644731.8
641887.1
640932.5
645557.9
653078
653070.6
601781.2
598989.4
600435.5
632889.8
632820.7
635887
663986
667264.6
666610.1
600006
602067.7
601528.9
615625.2
613213.7
612338.6
646921.5
644220.3
649588
672748.8
667674.8
665369.2
644564.3
644589.8
645992.8
646244
644696.3
644039
632682.7
632521
635574.2
645893.8
647623.9
647007.8
606635.9
602402.6
602675.2
631433.6
629309.2
631026.2
652370.2
654993.2
655602.5
619118.3
616301.6
616596.2
612813.3
615259
611709.7
656208
659448.6
656547.3
634350.1
632363.5
630782.9
609770.2
612424.8
611865.1
663631.9
663807
666683
599695.2
600881.6
600514.7
647307.9
646304.5
644213.8
644886.8
643755.9
646421.2
651624.7
653672.4
653949.7
627485.6
627940.5
630868.5
655042.8
655037.9
653605.9
621835.8
619546.7
619036.5
665959
664542.5
662623
612131.9
612230
610511.2
618601.4
615292.7
617226.1
660735
660802.3
658216.4
675979.5
678539.1
677668.1
636988.1
638989.8
641117.5
655165.3
649057.6
651568.8
642206.1
648233
640488
601594.5
602674.4
605159.6
625643.2
624079.4
622050.2
650698.8
648413.3
653395.7
646314.6
644896.5
640807.9
645144.3
642991.8
640069.4
608180.2
604981.8
603861.7
615951.3
614230.8
613979.1
598050.4
597790
601290.4
653313.8
655544
649409.3
589554.5
589827.1
594425.6
589181.3
592340.9
593612.5
590097.7
593625.9
593265.7
592441.8
589179.3
589535.2
651947.2
650056.5
647208.8
650025.9
654461.5
651414.2
619804.3
620430.6
618551.8
653635.5
651594.3
650908.2
604499.9
607140.5
606806.9
599112.3
600146.8
599421.8
600398.5
603271.9
602674.4
649679.3
656312.6
647256.8
605853.9
605047.6
603463
617763.1
617254
614172.2
638326.4
635675.3
638795.1
659298.2
660976.5
661392.7
617463.3
619813.5
622312.9
615787.4
614193.7
614899.8
646819.4
648873.3
646854.2
629198.9
626513.9
627595.7
650551.4
655492.1
644445.5
643224.9
641828.1
640422.3
649027.8
651629.9
649226.2
652688.7
655910.1
656871.6
603900.1
600647
600997.5
590695.8
593924.8
611866.7
660186.4
661928.5
661516
645350.7
656626.8
649853.9
598822.3
596290.5
594075.1
621193.2
622375.8
625762.1
611485
612112.8
614366.2
645944.8
650252.1
642311.7
606161.3
604032.3
606090.3
646352.4
651903.1
654320.2
589888.1
590131.4
594437.5
691629
693476
695139.5
651581.9
657269.2
656606.3
651056.8
651136.1
651588.2
626193.3
625102.8
629011.8
627673.5
628292.1
631318.4
650099.4
643102.1
648646.4
602532.4
602968.4
604940.6
668897.5
667563
665023.1
625625.2
613546.7
610510.9
651960.1
649664.2
649940.8
634701.5
635152.7
637263.9
653343
655012.3
652548.7
621484.8
621496.1
618205.7
625035.2
624926.1
622152.2
623938.8
622847.4
624315.8
606732.3
610595
610881.4
615806.1
613501.1
615390.7
646511.9
644306.7
644943.5
652231.8
654925.5
656592
605023.3
605961.1
608071.1
663291.2
663446.8
666187.7
658098.9
660708.1
660474.6
618342
617550.3
613188.3
597671.3
598629.6
597900
618357.8
618290.9
621495.1
646706.1
649422.3
651958
647888.7
649602.5
652566.8
606596.7
604227.9
606329.4
651290.8
651092.5
649220.8
636885.1
655636.3
643877
682371.3
680803
678501.1
659305.5
648648.1
655525.4
624490.4
622722
625346.8
638742.1
643035
638888.3
652821.5
652733.2
654924.7
652051.7
649711.8
651480.8
647775.5
649125.3
646532.9
599108.9
601835.1
601744.8
650639
648520.3
649238.5
607658.9
606246.5
610081.5
639206.7
639043.1
636746.1
654514.4
654429
652376.5
608499.5
605727.1
623277.1
663292.4
661418.2
662588.3
647674.1
649933.4
649091.3
652285.1
654696.2
653943.5
646646.1
638742.1
639340.9
655830.1
656862.7
654633.9
672897.7
672640.2
671005.7
642120.3
642017.2
641995.6
639869
639500.9
641465.5
614444.8
610880.6
610357.6
604274
607758.6
608035.5
606609.9
604377.4
606508.5
618132.5
616527.3
619724.9
648522.1
654675.2
651325.8
691676.9
689871.5
688263.7
605168.2
602697.2
603159.7
652628.8
646296.2
645850.7
599720.8
600076.6
604297
612195.7
613753.4
612149.6
658517.9
659236
657393.4
621202.6
622178.1
624571.7
685113.9
688110
686110.9
641255.9
643299.5
643199.5
630285.4
627814.3
626457.9
604741.6
601933.1
600093.8
616537.6
614405.1
614318.7
663458.5
669309.2
671738.2
659054.4
656453.2
657224.4
653212.1
655604.8
655263.1
667254.2
667957.8
660971.7
595760
596904.7
595684.2
626694.7
624304.2
626705.7
624711.8
622071.1
619948.1
623460.8
622089.5
621429.4
641887.9
643621.9
653287
623405.8
625074.3
628118.1
661753.4
650518.2
656972.5
665926.7
662919.1
661488.1
656012.9
655697.4
657674.9
681727.7
680110.7
684435.6
684409.7
686495.9
687485.2
637939.6
639954.9
638208.5
594750
596767.2
596808.4
602890.8
600465.4
604481
615577.2
617245.7
615518.4
655255.7
649928.2
652303.1
595000.7
596031.2
593556.7
612137.8
613782.3
612054.5
601014
600657.8
597246.6
696242.8
694713.6
692309.8
596453.4
597083.8
600080.6
655642.9
654659.2
650559.4
641027.4
637216.3
637860.2
682718.7
684748.3
683535.7
689892.1
688117.9
690394.1
617088.6
614512.2
614453.5
657064.9
650874.5
654181
694997.7
695526
693863.2
646836.5
644535.2
648445.3
595161.2
597184.5
599519.1
592139.7
591820.2
589324.9
590563.4
592700
594038.2
)
;
    }
    uWall
    {
        type            calculated;
        value           nonuniform List<scalar> 
96
(
587420.2
589281.4
590507.8
588148
593914
588084.1
591054.5
587384.6
588970.3
587373
592362.3
587863.4
596149.8
587927
587711.6
587353.7
587457.9
587708.8
588282.5
587509.9
592397
587851.3
588173.4
590524.8
587458.6
587458.6
587420.1
589282.7
589629.5
589628.3
590029.1
590030.3
590508.9
588148
588122.1
588122.1
593914.4
594724.9
594724.7
588084.1
588038.4
588038.4
591055.5
591680.8
591679.9
587384.5
587359.2
587359.3
588709.4
588710.7
588971.7
587372.8
587407
587407.1
592363
593117.8
593117.3
587863.4
587797.2
587797.2
595490.7
595490.9
596150.4
587985.8
587985.8
587927
587605.9
587606
587712
587349.5
587349.4
587353.6
587457.9
587526
587526
587708.8
587641.6
587641.6
588284.2
588472.1
588470.6
587567.1
587567
587509.9
594304.1
594304.5
592397.1
587852
588004.2
588003.1
588178.2
588178.2
588173.4
590524.9
589303.1
589303.1
)
;
    }
    outlet
    {
        type            calculated;
        value           nonuniform List<scalar> 
64
(
600000
600000
600000
600000
600000
600000
599983.3
600000
599535.4
598289.9
600000
600000
600000
596932.9
594791.2
591618.2
600000
600000
600000
600000
600000
600000
600000
600000
600000
600000
600000
600000
600000
600000
600000
600000
600000
600000
599997.4
600000
600000
600000
600000
600000
599508.7
599791.4
599825.2
598399.3
598773
599173.5
600000
600000
600000
600000
600000
600000
600000
600000
600000
596933.9
597693.5
597683.3
594791.1
596011.2
596011.6
591618.3
593492.8
593492.8
)
;
    }
    chamberWall
    {
        type            calculated;
        value           nonuniform List<scalar> 
96
(
638070.1
644781.9
649595.2
653161.8
647876.5
650023.6
659158.7
660683.2
656827.1
662962.9
662624.2
664085.4
663414.4
659443.4
664089.8
663788
662394.1
663436.2
661993.3
664303.8
588584.3
661777.3
662357.3
614249.6
633714.2
634091.4
638178.4
641714.4
640445.5
642720.1
647355.5
646050.3
648216.9
651502.6
650043.1
651050
654862.1
652041.8
650420.7
644759.1
652734.2
647266.6
658194.7
658066.2
659021.8
659994.8
659788.1
660743.3
661388.9
655271.4
652060.3
663008.6
661160.8
658889.8
663061.7
661734.4
664086.6
664653.4
664020.5
664165.4
662494
663711
663409.4
662937.2
662031.2
661124.4
663177.5
664625.5
664086.9
664325.8
663929
663461.3
662642.4
662853
663000.4
664008.3
664283.2
663774.1
663044.6
660990.3
660933.5
664789.5
663970
663390.6
519988.4
520118.5
612943.6
658018
660953.8
659211.9
661944.1
662179.6
661996.9
611670.2
623087.5
629318
)
;
    }
    inlet
    {
        type            calculated;
        value           nonuniform List<scalar> 
64
(
624022
643993.9
648979.9
631506.4
634004
653951.9
621531.3
663830.6
614075.5
639000.5
609119.1
604173.8
658899.9
599239.5
594316.9
589404.5
626515.1
626515.2
624022
646488.2
646488.8
643994.4
651468.1
651469.1
648980.6
631506.5
629010
629009.9
636502.4
636502.6
634004.2
656429.6
656431.2
653953.1
621531.3
619043.2
619043.1
666286
666287.4
663833.5
616557.9
616557.9
614075.5
641498
641498.4
639000.8
611596
611596
609119.1
606645.1
606645.1
604173.8
661366.8
661369
658901.8
601705.3
601705.3
599239.5
596776.8
596776.8
594316.9
591859.4
591859.4
589404.5
)
;
    }
    fuWall
    {
        type            calculated;
        value           nonuniform List<scalar> 
2480
(
589708.8
621363.3
608353.6
595406.6
639879.1
660466.5
617661.8
644358
615015.9
601192.7
625340.6
659287.8
594526.6
640429.6
674681.8
620505.9
636554.6
601561.4
600425
646264.3
640481.2
615734.1
613197.4
617747.9
636986.9
645070.2
647479.8
592590.6
632442.3
640275.6
648116.5
685013.3
642658
645226.2
641618
624149
610176
637123.1
643740.1
622852.8
623466.4
621259.9
597059.9
647249.8
674829.4
646350.6
631569.2
643407.4
629609.8
671951.4
643093.2
615409
615911.8
624140.7
605585.2
620361.2
611282
608084.3
624476.3
608011.1
668254.9
606055.6
607686.5
594260.7
674153.7
640505.5
680294.6
608469.2
658905.8
602266.3
630505.8
611694.2
611020.9
639120.4
640017.7
647646
599568.5
619801.7
634260.7
648487.7
600983.9
648333.5
648059.9
593916.9
622808.4
616945.1
640889.2
637893.8
643727.7
641431.3
633875.3
635053.4
639387
640588.8
619677.1
649194
648467.8
610834.3
627528.2
640068.4
635127.8
636493.7
597041.1
629798.3
622394
643232.4
593840.1
594863.5
593209.8
617976.9
630277.6
616470.6
635366.1
630083.1
634372.6
603541.7
632970.5
628735.9
632925.6
638860.6
619340.9
612549.6
598131.2
650886.6
643369
594798.3
652010.7
634606.2
607254.1
621394.1
598526.6
636777.7
650977.4
631637.2
628885.2
634893.7
639522.6
629704.5
634819.7
638219.1
637441.4
626004.3
643611.8
666133.6
643009.3
665947.3
646968.7
637403.8
657535.4
621611.5
637747.6
646705.7
666580.2
616078
612241.6
641553.2
672671.7
649407.3
656591.6
661975.6
657618.2
654943.2
660184.7
590016.3
674167.1
637035.1
632827.4
613911.7
641581.4
608565.1
648760.1
622702.4
647068.1
635974.4
649907.7
635576.2
625946.2
666268.6
644547.9
671086.3
649500.4
661372.3
667008.6
646287.2
663174.1
672072.8
660490.7
648789.4
616406.2
663533
633193.7
613468.1
613029.8
680693.7
610625.2
624532.6
612702.9
676541.1
612164.8
649277.7
673941.2
659007.7
611650.5
635161.8
634567.4
633636.6
634736.8
634667.8
634484
634590.2
644392.4
636828.6
636834
621300.4
634127.6
651989.4
601803
639273.8
627515.4
678620.7
589860.6
655211
620194.3
645694.3
675836.3
609025.8
600140.2
646127.3
636567.3
663021.3
643371.4
644912.8
601450.7
663997.9
647667.6
657979.1
599024
646623.3
660906.9
643622.4
657859.9
663815.9
592051.3
625440.6
649582.5
642385.3
642160.7
602961.8
623429.4
651180
651107.2
634195.9
627464.1
636999.7
624621.2
659582.5
598883.5
640530.9
640248.4
639006.9
653601.5
644133.6
640982.4
656680
604180.2
589323.9
616509.8
642755
634566.8
652417.1
657360.7
644135.3
633780.2
665129.2
651024.6
650190.3
602782.7
642941.7
646467
646619.6
672372.2
649335.4
660839
636687.6
631562.1
609400.7
633503.5
655870.6
632507.9
655712.5
632830.8
659901.1
658467.2
626600.9
603179.8
645019.8
655938
676972.7
690015.7
601675.8
660467
674917.4
649956.1
617095.8
654488.9
648644.7
658491.5
618401.3
598409.1
614698
649279.3
660069.6
609324
659586.6
640330.6
636455.6
614279.6
636859.3
616293.3
662040.9
661705.5
663576.2
661405.9
661780.9
662059.9
663259.1
661682.1
662915.8
662009.8
663730.9
624674.6
627176.9
616628.3
637140.8
617165.4
608318
641330.6
613255.5
619909.4
645914.5
674981.3
659377.6
659480.2
652992.8
657807.8
656818.7
648048.7
608278.3
611938.2
612987.4
601800.7
646750.8
601279.1
614253.2
622754.8
640843
632517.7
648299.2
604722.4
639671.4
623957.1
624260.8
645529.1
628137
642906.7
611760.2
664046.8
654190.1
651814.7
597757.1
646818.4
642716.8
627655.3
605309.1
623622.5
663475.8
646939.3
646426.5
651054.1
647249.1
609996
659486.1
604379
654053.6
637433.4
627905.2
628064.2
629554.8
628987.9
629180.2
611509.7
642484.1
657436
647637.2
684780
609131.4
661584.4
633527.3
645754.7
604595.2
645058.9
628334.4
628963.7
648262.4
642558.4
646908.9
618696.5
677921.8
669012.3
685550.4
663055.8
638153.2
613546.9
655904.2
641901.5
675457.1
670068.9
646857.6
604242.9
614392.3
630202
649355.4
620726.9
629819
597998.8
624186.8
644472.3
603530.9
669185.8
639146
634375.8
642550.5
639573
618124.9
651171.3
644559.5
643476.4
603732.8
635964.1
661249.4
599792.5
615283.3
649776.1
669784.5
636333.4
646209.8
635747.5
637445.5
607121.3
633300.5
653194.3
619443.3
609321.7
655690.4
633789.3
609337.4
669935.9
599475.5
645619.9
647641.4
644035
630341.2
655360.5
621084.8
663645.8
610804.4
619811.4
658141.7
675745.3
639261.5
659059.7
643878
604796.6
624461.1
648274
645339.4
641656
606304.1
615571.4
601364.4
649709.3
593649.1
589602.3
589841.9
593846.1
640500.4
643324.5
618085.2
652937.1
604287
598389.5
600247.2
649919.5
604119.4
614335
640156.2
659292.1
620291.9
616991.9
641375.3
629930.8
651134.2
643039.4
650118.7
653366.8
604908.5
604247.4
659257.5
644880.7
596292.8
624644.8
614171.3
644273.9
608187.7
644820.2
593990.9
694163.3
653818.1
649186.3
629428.3
630547.5
653120.8
605006.2
666269.9
628175.5
649621.2
637249.6
642651.2
618099.8
621108.1
625918.5
607788.4
618171.1
647320.2
657959.4
606935
666146.7
657792.8
614196.9
596859.2
621440.9
650336.4
649609.4
608692.1
648610.5
656532.8
680491.2
648956.1
627856.8
641171.6
655091.8
652834.4
644423.2
599203.8
651091.2
612256.4
636772.2
651043.1
617617.5
665219.9
646742.6
651495.3
647893
645403.5
669654.2
646137.4
642357
614113.5
604479.7
608852.9
621257.1
653417.2
689535.8
605495.3
649671.5
604207.3
610727.3
660847.9
623937.6
683970.8
645359.9
628495.4
604550.1
616246.4
663945.1
659912.3
652870.6
663196.3
594414.2
628847.9
622913.6
623043.6
653258.2
627012.6
660233
666337.6
650336
683090.8
683465.6
636247.5
594472.6
605980.3
613933.8
657104.2
591245.7
609865.2
598042.5
694377.1
598904.6
655240.4
639747.3
681837
692574.6
616797.8
658606.7
692186
658648.9
597000.7
589412
591916.9
589817.9
594447.7
594152.6
624257
624514
621164.8
606878.8
609068
610519.6
595856.5
591727.5
591343.7
643625.7
653965.5
645757.8
660367.3
657635.1
658053.4
617623
621428.2
621798.9
642996.2
652729.3
654200.1
611287.2
610577.6
614162.4
601345.3
599883.2
599391.6
622423.9
620808.3
624241.1
656876.3
657293.3
660459.5
591643.3
595571.8
597269
640488.3
637654.5
637794.9
673680.4
674847.5
677780
629120.7
615928.3
614312.2
638657.7
635725.9
633414.7
597652.9
597986.7
602010.1
599305.3
603500.1
604970.6
647095.5
644446.1
643897.4
647118.8
639156
650240.8
612682.1
609995.6
613296.9
610428.4
610140.8
612864.1
617946.2
621426.4
621368.5
633508
641228.4
639158.9
643764.4
640398.7
642224.6
641404
640707.2
651347.3
592136
596253.9
596625.5
634643.6
633365.9
630341.9
640305.2
638083.3
640868.7
648289.9
648675.8
653865.9
687996.5
684414.6
683656.5
639452.9
636273.8
633433.8
643948.2
640003.3
643968.5
641694.4
644355.6
644744.4
621428.1
620822.4
623486
609805.1
612135.3
612242.1
640294.4
640036.6
637543.7
638807.7
638771.1
642320.5
624617.8
621717.2
618984.9
621307.9
618378.1
621346
623855.1
623715.3
620351.2
600812.8
600671.7
597013.4
640130.3
641971.9
642875.8
680385
676911.8
676702.2
641763.2
642304.8
645721.4
628636.3
628317
631266.9
640682.7
649003.1
644122.7
629054.6
631997.4
632600.1
673184.1
672675.9
673177.2
642583.5
644318.9
645336
612870.2
612552.6
615051.7
616724.7
612715.9
612039.1
621653.1
622335.4
624211.8
605479.4
602542
601369.7
619417
622123.7
623544.3
614450.4
617215
614744.6
606905.7
607528.6
609439.6
627018.5
628046.5
625381
610293.2
610401
607981.8
666123.7
667573.8
669034.5
606598.4
603667.3
602933.5
607800.3
604634.6
604601.8
593995.4
590028.1
590123.8
674604.4
677378.1
676582.2
638080.8
643475.9
637355.8
678450.3
677718.3
682070.1
611627.4
611697
608715.6
660591.4
664065.7
661697.4
601715.2
605154.5
605547.6
633695.5
635170.1
631552.1
608824.6
608766.7
611216.8
611674
610141.8
609123.1
638454
636753.4
635955.1
640731.1
638287.9
637403.8
647643.6
642043
642256.9
600421.1
596766.6
595921.1
616943.2
616816.6
619675.8
636387.6
638361.4
636018.7
647360.6
651321.3
653023
597177.8
597366.8
601212.1
645450.4
646032.9
648906.9
650254.2
650201.9
648222.7
593930.7
589961.4
589991.6
624822.5
626175.8
623728.8
618461
619410.5
617411.5
643253.4
645610.9
645944.7
637559
639669.7
640657.7
645366.2
642718.5
641987.9
640032.7
638044
639728.1
633696.5
635488.1
637647.4
635471.9
633549.4
635557.7
642853.1
642374.7
639161.1
637983.1
636867.2
639423.1
618716.4
616744.2
617340.7
653072.6
650787.7
648803.3
644367.8
647831.7
647503.4
610657.7
613475.1
613727.4
627508.5
626066
624831.6
638040.5
638073.6
640420.1
634113.4
632294.1
632755
635490.4
637733.3
639204.8
597538.6
593696
593089.8
629722.4
631572.1
632966.6
623700.3
625514.9
624345.9
639921.4
639050.5
641876.7
593610.6
589442.1
589526.1
590917.1
590547.2
594239.9
593211.6
589317.9
589291
614868.7
615125.3
618300.6
628402.1
628720.3
630765.1
615570.3
618024.3
619154.2
637589.5
639498.1
637215.1
628358.3
626990
628594.8
635889.3
631886.6
629890.3
604435.6
601634
599818.5
631869.6
629195
630357.6
631701.9
633037
630423.4
631591.5
629993.9
631220.4
636695.4
635046.5
636955.9
616178.4
613525.6
616041.6
613295.3
609876.9
609266.7
598799.1
595118.4
594371.4
648635.3
649637.1
651776.7
640501
638892.3
647150.6
595542.8
590331.5
590167.3
651913
646417.1
653932.6
626712.2
621356.6
629664.6
607848.5
605466.1
604594
618429.9
617471.2
620315.3
597674.1
601500.1
602497
633815.9
633231.7
636126
650394.5
647675.4
648934.8
634273.6
635302.2
632500.8
627481.7
627944.4
626418.8
634205.8
632189
634219.4
637081.3
629293.5
638800
626903.1
626192
628931.5
635708.1
632425.1
632035.2
635911.5
633542.7
636549.3
634957.8
633121
635590.6
622768.6
621630.7
624347.6
645228.2
644576.2
643180.4
665386.8
663093.7
663329.2
657073.2
643471.7
640025.9
664818.9
667324.3
668472.6
649686.1
647392.2
647661.9
637398.6
639508.2
640170.5
657880.7
660585.7
660452.9
620358.2
622304.5
623568
636190
637810
639597.8
647243.6
649235
648944.2
665995.6
668611.8
669101.5
614964.3
619624.1
620728.8
608834.1
607199.5
610549.4
641136.2
639369.9
641739.1
677724.3
678246.6
674360.3
651025.5
652460.4
650606.3
659441.4
660805.3
658441.8
664461.9
665521
663156.4
657840.8
660980.1
661852.7
655685.2
653330.2
652552.1
659576.5
662530.4
663236.6
589988.4
594067.8
594317.5
671337.5
671429.2
674183.1
632948.4
626282.8
622537.7
633851.1
631277.5
630306.3
614052.4
611174.6
611001.7
639306
633572.9
640025.7
609057
606931.9
606343.1
647302.7
647505.7
646232.6
622532.6
625409.3
625689.9
644903.2
643531.9
643205.8
636010.4
632767.1
632330.9
648900.1
635452.4
637453.2
635767.9
633796
633168.7
626302.8
622654.9
622737.6
668821.6
668828.7
666228
647018.5
648115.4
645705.6
669866
672366
673688.1
651984.1
653037.7
650567.3
662706.7
663031.9
666530.1
669470.2
670050.2
667945.5
647886.6
639397
640254.7
660206.2
660267
663389.6
671332.4
674360.8
675348.5
655314.5
653329.6
649570.3
649699.9
647535
647626.9
615216
617891.5
619549.8
664247.8
664991.7
662315.8
630640.8
629546.5
632058.8
608801.9
609709.6
613787.4
609257.7
611318.2
614792.1
682543.2
685054.1
681542.1
607944.1
608198.7
611761.4
623753.7
620826.2
620598.8
608418.9
608208.6
611922.5
678528.1
676221.5
674465.8
608383.2
608543.1
612819.5
650896.3
639033.1
640751.6
671956.2
671712.4
673749
663416.9
661747.1
658525.3
608329.1
608280.6
611790.2
632675.6
632594.4
635123.3
632271.1
632125.8
634790.3
635194.7
632258.1
631938.4
632144.3
631960.7
634528.9
631672.5
631534
634601.5
631377.5
631219.3
634219.6
636197.3
634678
633177.8
647982.1
641977.2
645002.2
639672.7
639985.3
637076.8
634241.2
639523.7
641132.8
620051.7
620800.4
622289.1
631099.9
630985.5
633957.9
647570.5
657469.9
648231.7
602423.2
598450
598031.3
631534.4
628574.1
633911.2
629379.5
628216.6
626410.2
681091.4
679207.7
675448.3
589924.3
594547
594054.4
654664.2
651625.3
652470.1
623133.5
621603.5
618201.2
643353.6
643655.5
646064
671368.9
670117.5
672719
611819.2
611955.3
609383.3
600820.2
598712.3
597726.4
651596
650713.1
654097.3
639351.2
639473.6
636658.3
663852.8
663379.4
663456.3
644673.4
646274.7
645188.4
647429.1
650288.5
647125.2
605971.1
605862.8
601709.8
668174.1
666198.1
663647.8
646630.8
644727.5
645871.5
660749.3
661267.2
658947.2
597989.7
601535.8
603355.4
646912.5
644538.7
644185.1
660866
658630.5
659191.5
643019.7
640142.2
640295.4
656917.9
654665.9
655471.6
661183.8
664530.6
666252.2
596915.4
599193
595806.8
623918.8
625279.2
626959
648654.4
645828
646651.5
642733.4
642214.3
640439.3
640494.9
640221.9
642153.8
607671.9
608192
603036.3
622307.1
620652.6
621731.8
648792.8
652528.4
649414.9
653241.8
652517.9
650411.6
638654
629812.9
629335.2
626944.7
629112.9
630383.4
637121.7
641046.4
639048
624916.3
626742.9
626426.7
658621.1
656235.5
649034
603141.5
602120
598110.5
638075.4
638137.1
640663.8
641419.8
640189.2
638326.1
642079.7
641846.6
638885.4
651972.3
649188.9
650544.9
642547.3
640952
642734.4
643719.9
645881.9
643146
647297.7
648611.4
655367.1
601824.6
600790.5
602361
589358.7
593428.9
593295.1
619754.4
618830.4
615599.8
644277.5
643121.5
641778.3
637073.1
638254.1
635726.8
651255
645725.7
654074.3
653386.9
651924.1
653585.1
641966.7
641697.6
642939.2
630840.6
630680.8
633689.6
666870.2
671180
669112
654198.2
646589.2
647228
650689.1
653464.3
652530.4
598490.2
599077.2
603921.1
645436.3
644831.2
642755
644015.8
644370.7
646983.9
644454.5
648123.9
649223.5
669437.2
674106.2
676299.7
647587.5
651494.2
647337.1
657151.9
653960.2
657780.6
636137.3
637631.2
635865.7
629078.9
627586.3
630067.9
612785.7
610912.3
608435.5
631153.8
629056.5
631117.6
659067.7
657201.9
653508.6
632446.8
635451.6
635422.4
657146.5
656276.5
654224.2
632632.1
635441.8
635480.3
652291.4
653997.5
658787.2
651028.3
650955.2
657200.5
628428.6
627218
625144.3
609449.7
610738.3
602540.8
647876.7
647485.3
644709.8
651976
645201.2
656189
679641.9
680468.6
677338.5
686935
689192.7
692013.3
599081.7
601711
603954.9
653274.9
653181.1
659438.7
672260
671302
673212
655839.2
658178.4
653137.8
619872
619676.7
617055.8
656987.6
658106
655556.8
648041.9
645491.6
650137.1
651702
655795
658329.9
618342.5
620773.7
621263
598848.4
601747.3
601553.8
617677.1
617384.2
614601.7
653652.5
645903.8
656615.3
656913
657311.5
660098.5
603860
603313.3
608783.8
655555
654771.8
659641.4
647459.6
653812.9
644818.3
636551.5
639295.8
638904.6
612508.5
615256
617020.7
637162.5
640100.9
639201.6
623510.5
623654.1
626870.6
657441.9
660324
660161.9
651819.2
655618.7
660491
661059.2
653153.5
662949.2
659125.5
661532.4
662614.4
654854.1
659398
660720.3
654921.1
657351.7
663530.1
658388.9
656382.3
662855.7
655726.8
653223
661898.5
659672.3
652001.1
663198.6
653100.1
652814.6
659933.9
654435.2
654100
662932.1
625080.4
622267.8
621911
626735.7
629740.7
630054.9
617383.8
618975.3
618132.8
637227.8
634446.1
634209.6
613673.8
615093.3
618409.5
607579.8
609975.8
611442.1
638507.1
638712.9
641595.4
610593.5
608490.6
610938.4
618269.5
621582.4
622913.3
640992.4
650040
640344
676887.3
679619.8
677163.5
655512.7
655035.7
659468.1
650648.9
648861.7
658397.3
653258.9
655703.7
655564.1
656480.6
654651.4
655737.7
657146.9
649413.3
646352.4
648585.3
650155.5
649727.7
604694.9
604939.2
608524.7
615157.7
615015.3
611722.2
615256.3
614858.5
613114.9
605750.9
606125.7
602061.7
641552.9
646827.3
643701.4
600902.6
604655.6
604860.2
612151.6
611495.8
612946.7
620148.2
619411.9
621933.6
638228.5
638343.1
641078.7
630612.2
628880.7
630801.4
649564.9
651942.5
650964.8
607928.1
608104.6
604876.5
639935.1
638022.4
641031.7
622766.9
620152.3
620754.9
623678.7
627026.4
627417.7
645762.6
644299
643629.5
628661.6
626469.9
626195.5
642670
640522.8
641549.9
518914.9
517912
613282.2
666422.5
666467.1
664206.4
651035.5
657528.9
651296.2
652449.6
652968.1
651737.9
597700.4
601298.8
601418.9
647611.6
649257.2
648538.1
643964.8
645179.7
642516.9
627807.3
624665.6
624551.1
608565.8
609342.8
606032.6
625434.4
626980.4
625289.7
663494.8
666202.4
666195
645464.1
646082.2
645503.7
641361.8
642489.5
647352.4
652738.9
652896.4
650975
649662.6
649412.1
647091
607767.9
607412.6
609564.5
657492.1
658145.6
660372.9
604489.1
600596.7
600328.1
652659.7
642970.9
648833.2
653419.9
654900.7
646179.9
627984.2
624774.6
624729.8
628157.4
624834.9
624807.4
629734.5
626982.9
626789.7
629475.2
627291
626170.1
625926.2
627221.7
629548.9
614870.8
614693
611242.5
653027.9
650536.4
648907
658289.5
660031.2
658531.8
646639.6
644529.3
645136.4
681172
684405.5
686766.4
605411.9
606033.6
610079.8
661658.2
665051.5
662021.6
630469.2
630231.4
633547.9
646488.4
643864.9
643192.1
607365.4
607553.6
604581
645214.9
642739.4
642423.5
628613.9
625492.1
625047.6
629310.6
626006.4
625049.5
649727.1
652048.3
644421.1
643103.6
641771.5
645264.1
650073.4
650295.4
648111.2
615942.9
615540
618165.3
681596.7
682639.9
679015
669386.2
673222.4
674882.5
688543.2
692931.9
689470.8
665575.1
664225.4
662953.9
638997.8
646308.1
638136.6
615985.5
619155.8
616848.7
655823.8
654481.6
654314.9
644342.8
645360.1
643039.4
671357.5
668708.8
671393.7
672145.9
666884.4
671109.9
647910.8
650624.7
649678.8
604234.3
607515.8
607092.5
616894.7
617576.6
615023.4
629958.6
627165.6
627839.2
650926.7
652894.1
649878.3
618889.9
617371.3
619065.7
629940.1
627932.1
627195.2
597768.7
601382.4
600873.2
626718
628285.2
625943.7
646410.3
647876.7
650947.6
605845.3
605961.2
603712.7
660666.7
662945.8
666684.6
634385.5
636936.8
643639.6
632123.8
629738.6
632586.9
646642.5
648751.1
643142.7
642068.8
643252.6
640760.9
616047.7
618493.4
619893.5
651721.3
654487.3
653990.2
640904.7
641864.6
644345.4
649896.6
644857.7
645211
600437.7
598991.5
601783.8
635890.6
632822.8
632891.8
665693.8
667254.1
663035.1
601526.1
602068
600004.6
612337.2
613211.9
615623.3
648870.4
644182.7
646866.1
665418.4
667389.1
671987.6
639255.3
638421.9
636397.9
644492
645467.6
647076.9
635576
632521.8
632684.3
649217.6
647752.3
647000.7
602705.3
602397.7
606637.8
630788.7
629072.3
631369.5
655615.4
655011.9
652383.7
616596.2
616301.6
619118.3
611715.3
615264.9
612817.1
656707.3
660414.2
656552.7
630774.2
632353.2
634350.3
611865.1
612424.8
609770.2
667885.9
664957.4
664976.2
600485.7
600865.7
599672.2
644214.7
646305.6
647309.3
646425.7
643759.1
644889.8
646152.8
645937
643661.9
630868.8
627940.7
627485.7
653274.4
655735.6
655415.1
619045.9
619555.8
621847.2
662368
665775.5
667740.9
610513.8
612233.6
612135.4
617224
615290.9
618598.4
658223.3
660812.1
660749.6
677689
678495.2
675984.4
641557.8
642487
639525
649165.9
649223
654603.2
646344.1
643824.2
642092.7
605164.9
602678.1
601597.4
622050.5
624079.8
625643.8
650496
653046
650568.2
643983.6
645398.7
646317.8
641430.3
642295.8
645820.1
603865
604985.1
608184.9
613983.9
614235.9
615957.6
601290.4
597790
598050.4
647460
648112.2
646979.7
594425.6
589827.1
589554.5
593612.4
592340.8
589181.3
593267
593627.4
590099.1
589535.2
589179.3
592441.8
652157.2
651609.2
646724.6
651128.7
654339.4
650251.8
618560.7
620441.9
619814.9
651317.8
651880.9
653766.4
606806.9
607140.5
604499.9
599407.6
600108.1
598954
602674.6
603272
600398.4
646807.7
651810.5
649790.8
603460.4
605046.2
605854
614170.7
617251.6
617760.5
641113.4
636482.1
640407.7
661032.3
661212
659406.9
622313.2
619813.7
617463.4
614900.4
614194.7
615792.8
646823.6
648788.1
646667.7
627596.4
626514.5
629199.8
645702.8
655943.8
650168.7
641070
643198.8
644297.5
649424
649330.4
649411
656651.1
649564.9
652006.7
600996.4
600646.7
603899.9
611361.8
612362
590516.6
661518.2
661931
660188.8
652095.2
644345.6
645124.7
594075.3
596290.9
598822.7
625784.7
622436.2
621293.4
614366.3
612112.9
611485.1
642708.4
652348.1
655098.8
606090.1
604032.2
606161.1
650979.3
642431
644474.7
594438.8
590132.4
589888.8
695368
693149.1
691599.6
646265.5
647916.2
648875
649654.2
656137.5
652425.6
629012
625102.8
626193.8
631308.5
628284.3
627667.6
656056.5
646873.8
647227.9
604938.5
602960.9
602522
664692.4
667921.1
669158.1
621928.2
619801.3
624637.2
646250.2
649811.4
651943.5
637265.4
635153.9
634702.4
642905.2
644985.8
645131.7
618204.4
621494.5
621484.5
622149
624921.6
625030.1
624333.1
622863.2
623954.8
610880.6
610593.9
606731.8
615390.9
613501.2
615806.2
645983.5
645340.9
647077.1
649645.3
652008
652986.3
608072.8
605961.8
605023.9
666199.1
663456.5
663297.8
660479.8
660715.6
658103.7
613416.1
617595.8
618564.7
597899.5
598626.9
597677.1
621492.7
618289.1
618355.6
650475.7
649227.9
646667.7
651936.8
648744.2
647203.3
606329.3
604227.9
606596.6
650942
651436.7
651074.6
649516.9
641123
639575
678429.5
680759.4
682307.2
646460.6
646583.3
650455.3
625372
622751.2
624508.6
640830.6
639021.5
645557.1
649284.9
652601.2
652460
651302
649562.7
650239.1
641073.9
648297.7
648271.4
601744.8
601835.1
599108.9
649240.2
648521.7
650640.7
610086.4
606249.5
607661.3
636803.2
639023.3
639248.5
652106.9
648599.2
654298.1
611134.1
613741.9
617102.8
662592.6
661421.6
663295.4
649092.2
649934.7
647675.1
653945.1
654698.3
652286.7
646629.4
645241.9
646574.7
651000.6
645256.8
643750.3
670743.6
672403.3
671868.7
643219.9
641563.1
642915.5
641467.9
639502.8
639870.6
610357.7
610880.4
614444.7
608034.8
607758.1
604273.6
606512.7
604380.9
606614.3
619744.5
616539.6
618144.7
648038.5
645282
647451.4
688536.2
690645.8
691227.3
603160.3
602697.9
605169.4
645712.5
646438.4
648055.1
604299.5
600078.6
599722.6
612153.9
613758.9
612199.8
657689.9
664660
657138.2
624568.4
622175.7
621200.9
686192.5
687900.3
685589.4
640942.4
643692.5
641248.7
626450.6
627805.9
630276
600093.6
601933
604741.4
614323.7
614410.4
616544.6
668240.6
674253.2
664656
657227.1
656455.3
659057.2
655265.9
655608.5
653214.9
661406.8
669995.8
664928.3
595684.2
596904.6
595760.1
626723.8
624321.4
626734.4
619961.6
622087.2
624728.4
621443.3
622105.3
623478.6
653599.3
650924.4
645449.9
628118.7
625074.7
623406.1
653386.2
656562.6
652501.1
662609.3
664513
666996.3
652902.8
648052.1
648316.3
681320.5
680096.9
679657.1
687352.8
686485.1
684370.6
638210.3
639957.3
637941.7
596808.4
596767.2
594750
604481.8
600465.7
602891
615525.6
617255.1
615583.3
656796.3
655076.8
653075.1
593556.7
596031.2
595000.7
612056.6
613784.8
612137.8
597246.5
600657.7
601013.9
692131.4
694693.2
696443.1
600083.1
597085.8
596455.2
653549.1
647482
655461.5
637629.7
638355.7
642893.9
683492.1
684814.1
682841.8
690286.9
688235.9
689963.8
614458.4
614517.2
617095.5
657235.2
656858.5
657344
693887
695832.3
695141.5
655796.8
655483.2
657375
599519
597184.5
595161.1
589324.9
591820.2
592139.7
594038.2
592699.9
590563.4
)
;
    }
    fluid_to_solid
    {
        type            calculated;
        value           nonuniform List<scalar> 
176
(
680026.9
680373.1
655964.3
661843.4
660948.2
652895.5
666922.1
661446.7
680826.9
671669.4
680337.7
671932.7
667323
644724.8
657052.3
656767.9
672858.5
661113.3
657350
655496.1
688303.6
659273.3
677345
657407.4
661445.3
661178.2
659848.1
642260.9
667512.3
667521.7
661918.2
681600.4
670834.6
689820.9
667464.5
653282.4
663981.8
662561.8
677622.6
694777.9
670437.9
651136.4
667516.2
695040
678733.3
679264.6
677986.1
679741.2
680373.4
679416
656120.6
659379.4
659128.9
664350.4
661761.9
664267.7
661113.5
657859.7
657976.4
655678.2
652689.6
655086.8
669390.2
666836.6
669308.7
664883.2
649673.7
660621.2
680839.8
682997.5
683012.3
673734
671567.7
673626.5
679600.8
676349.8
675793.4
675869
673702.7
677272.6
666703.6
665567.1
664160.5
646562.9
644405.8
646785.1
650481.5
651053.4
652268.8
656417.9
658290.2
657789.4
670120.3
672696.4
669738.9
657339.7
661384.5
657701.4
658594.9
658281.2
659548.4
655816.9
657278.8
657019.7
691457.4
688261
691438.3
660028.6
660533.9
661586.8
674898.5
676273
673461.5
658552.7
659433.5
659594.7
660954.1
660846.2
660880.4
660479.2
660790.7
660604.3
660515.2
659554.9
660650.3
641757.7
643044.3
643089.7
667513.6
667509.8
667512.1
667560.3
667528.7
667548.7
645647
645533.6
646321.5
681804.1
685681.2
685756.7
670006.1
672179.2
669906.6
686379.1
689603.4
686398
665549.5
667174.5
671399.6
652019.4
653442.8
650434
665326.1
668764.7
670579.6
662306.8
663984.3
663741.4
677643.5
675700
675641.9
694451
693058
693028.6
665253.2
666532.1
664922.5
656791.7
658347.7
649845
667522.2
667523.2
667533.6
695063.8
693459.2
693378.5
)
;
    }
}


// ************************************************************************* //
