/*--------------------------------*- C++ -*----------------------------------*\
| =========                 |                                                 |
| \\      /  F ield         | OpenFOAM: The Open Source CFD Toolbox           |
|  \\    /   O peration     | Version:  1912                                  |
|   \\  /    A nd           | Website:  www.openfoam.com                      |
|    \\/     M anipulation  |                                                 |
\*---------------------------------------------------------------------------*/
FoamFile
{
    version     2.0;
    format      ascii;
    class       volScalarField;
    location    "40000/fluid";
    object      p_rgh;
}
// * * * * * * * * * * * * * * * * * * * * * * * * * * * * * * * * * * * * * //

dimensions      [1 -1 -2 0 0 0 0];


internalField   nonuniform List<scalar> 
4960
(
754228.6
754378.9
736683.7
756051.4
748165.7
756919.6
754011.6
739713.2
724392.8
751389.2
754350
724866
754946.3
753464.5
751631.9
721985
732518.1
754097.3
754698.1
744809.5
740760
754080.8
755070.7
753800.3
735159
755654.4
746229.7
756799.1
739829.8
753584.3
747822.2
750106.1
730425.4
748817.9
749525.3
755170.6
758673.5
753364.6
752524
753959
754620.4
754327.6
754126.8
744887.8
749806.9
753121.5
755311.9
742327.2
755210.3
755358.4
751985.5
753494.2
722778.8
754456.5
754565.8
731498.3
754752.2
749758.9
755230.7
753781.2
755859.6
760250.4
754984.4
754918
729569.8
752801.4
748500.9
757897.4
724794.4
758442.2
755162.2
733469.5
747941.5
753097.1
752612.5
748343.8
760684
755081.1
753213.3
742597.2
754088.9
755892.7
753044
754854.1
738879.2
751697.8
753361.5
752700.7
753428.9
753276.3
749494.3
750712
755485.6
755463.1
749061.2
728737.4
752552.5
755013.3
737593.9
753553.3
748900.9
753191.8
757824.5
741979.6
749206
755572.4
754154.6
755479.4
754143
756166.2
750734
737418.4
738326
742939.6
739153
762415
750650.1
752706.7
746796.3
753441.5
754371.9
732195.2
759132.3
736136.5
753528
754633.4
752341.6
733836.6
760746.4
735258.2
762260.7
755435
755732.1
755345.6
735642.2
753274.1
739736.3
755297.9
752573.3
753683
753704.6
753722.8
725384.4
756118.3
737889.7
746156.3
732590.6
753620.8
755900.4
741135.6
741797.3
724789.1
746676
715668.3
754791.4
751874.8
729915.9
752876.6
743028.1
744002.2
725939.5
725244.3
744919.3
754755.8
747002.3
722004.2
753392.5
755005.5
730004.4
758627.6
751416.8
755126.6
735645.5
755199.9
739792.6
753685.8
755126.6
747186.1
755582.7
746338.7
755663.6
758942.5
744175.8
753261.1
746809
747127.8
738700.5
753016.5
755087.9
747733.4
755313.6
754106.1
754532.7
742752.6
754810.5
753794.2
755493.3
745998.6
755966.2
743152.1
744018.2
750012
757110
753212.8
753867.8
753764.9
753673.9
753634.7
753533.9
745054
741972
753239
745864.8
751269.9
753481.4
743215.6
754754.8
740267.1
748465.6
745328.9
754375.9
755881.3
754599.7
754225.7
726993.7
758261.8
756428
733049.1
753212.7
755071.1
725236.4
752493.9
727529.1
732314.3
745754.6
755883.7
755387.5
726883.5
755854
755594.4
746484.7
752140.8
754493.4
744827
755734.9
751165.2
725892
714453.1
745080.6
745342.3
747372.2
744039.1
753297.2
750727.5
751218.8
748284.8
754389.1
753758.8
753169.5
755168.3
755933.3
749008.6
732704.8
745057.9
749851.1
754119.5
755649.9
746209.4
755402.8
749171
724514.6
750688.4
753323.3
749365.4
749678.9
755660.1
754153.9
753422.3
754997.4
744196
742754.7
741347.3
731009.6
746251.4
753880.1
754516.5
753803.3
755557.5
754189
756074.2
753996.1
742313.3
745640
752775.1
704742.4
755728.2
743786.1
747756.1
743364.6
754392.2
747563.3
729712.9
749950.3
755007.9
755730.6
742841.4
745697.4
753719.4
754978.8
756382.4
742521.6
757949.8
709358.5
749735.3
747663
752999.5
754185.7
753446.3
723481.9
751252.9
750914.2
752375.4
751704.4
747733.4
752379.8
752078
750684.1
751726.2
749223.5
752593.8
755159.8
754081.1
753159.2
755442.4
754782.9
754219
754927.6
754331.9
754239.6
741840.7
749375.6
749468.2
748138.1
755816.2
723215.3
747079.4
725130.4
753980.5
753865.2
749311.5
722938.2
741300.5
757883.9
755007.3
755156.9
754324.6
753718.5
754933.9
754937
735086
754925.6
753547.3
751704.3
753731.7
729324.6
608278.4
755802.3
739953.9
751821.2
754875.2
739870.2
752073.8
753536.9
754905
754128.4
755811.7
748981.9
753026.2
723922.8
751990.6
755804.8
722977.7
756642.8
746681.9
731547.6
753574.8
753639
753944.4
753781.7
753964.6
753947.4
751568
746308
746999.9
743526.1
753974.6
754511.9
753317.8
752870.4
754997.3
752844.3
753707.8
754249.8
744413.6
751714.8
753268.7
755100.6
747865.8
732760.2
742188.9
756508.5
729000.6
754275.7
723171.3
755579.8
748661.7
742265.7
755820.7
754097.1
755094.3
754905.2
728083.7
742915
753939.2
754502.6
754057
752525.8
754463.7
745387
748411.7
753559.3
746134.9
755494.2
754108.1
756565.1
752715.8
747673.5
754739.1
754949.3
748716.9
740637.7
753878.3
752482.2
727250.7
747827.8
725670.9
754785.2
748709.8
718685.6
753814.2
756380.9
755118
755143.7
723491.4
753318.3
755042.8
725907.4
745193.6
755620
755742.4
751473.6
755313.4
728029.4
755047.2
749625.6
756928.2
753793.8
755844.4
742613.8
749707
748952.2
744631.8
754867.6
754841
751007.1
740226.7
751045.7
754579.7
755390.2
754933.3
737998.9
754227.9
754478.8
755052.5
754337.1
751420.2
743359.3
753680.9
724139.4
755002.5
748889.8
736265.1
744505.6
743626.2
753855.1
730950.5
750234.1
754929.6
738415.8
748462.1
754975.5
744571
726074.8
745503.6
745365.5
731712
702723.4
755773.7
742632.8
761074.1
730180.2
754955.1
739654.6
754279.6
749350.4
754621.3
744320.8
745072.3
731288.2
754546.5
753791.6
743830.3
745419.5
750144.2
699960.2
753125.6
755372.5
753085.3
753770.2
753883.4
752208.4
754100.2
754936.3
726789
730842.7
742979.9
755806.2
755804.9
717785.8
752224.1
753718.9
743084.3
725002.8
754443.7
744453
750577.4
745649.6
752957.8
754074.1
732471.6
753555
752493.8
753333.6
754973.2
755677.1
754309.7
752844.8
752971
717344.5
755804.4
755621
755728.2
750995.5
748170.7
758898.1
749480.2
755580.2
753988.7
753997.5
755223.8
754285.2
750520.4
750828.9
756312.8
746002.8
755931.3
744569.4
728609.6
754110.1
749156.9
749563
753652.5
754241
755694.3
730856.6
755756.8
755744.8
732550.7
754765.3
753888.2
754184.7
752396.1
750992.2
755059.4
742753.7
726168.1
751311.7
751532
748604.3
755380.3
754955.6
754206.1
741598.2
750569.5
754933
736197.9
754158.6
751576
755212.2
749140.5
742076.2
748736.4
749384.2
755927.9
751822.4
744582.9
738859.6
754365.6
754948.2
756073.1
754190.2
754228.6
754190.1
754228.9
754181
754228.9
754180.9
754930.4
754922.3
754231.4
754391.5
754944.8
754930.6
754244.3
740536.5
737915.8
739719.9
736683.9
740538.3
737916.4
739722.1
756398.3
756052.7
756399.5
756296.7
755975.9
756298.1
755977.4
745364
745458.2
748181.5
748174.3
736963.7
742359.8
737952.4
756627.8
757065.4
756842.3
756929.6
756643.7
757373.6
756881.3
753961.8
753880.6
753919.8
754017.9
753965.1
753885.8
753928.7
739813.6
741589.1
744102.4
752370.6
740092.9
751777.9
740730.5
729334.4
727872.8
726058.8
724402.1
729362.9
727900.3
726068.2
753753
753077.5
752139.9
751386.6
753752.5
753076.9
752138.3
754554.9
754294.4
754594.2
754356
754555.3
754326.6
754607.7
724617.4
724837.3
724388.4
726172.3
725296.5
725468.4
725253.3
754947.5
754938.3
755048.5
754827.7
754940.2
755049.7
754829.3
753513
751400.8
753203.4
753501.1
753550.7
752750.9
753385.7
751593
750581.7
753496.9
752327.8
754442.1
750881.3
753950.8
726326.9
717986.4
726145.9
709944.9
716821
710650.7
723131.5
729838.8
732834.3
729559.4
732676.5
729734.1
732880.5
729745.4
754119.9
754086
754066.9
754097.1
754119.7
754085.6
754066.5
754677.8
754639
754735.6
754698.1
754677.8
754639
754735.6
746995.9
745121.1
744533.8
745184.1
744869
745536.3
744643.8
744866.9
746687.6
739008.6
739649.9
747537.3
748442
738636.5
754089.9
753998
754014.4
754079.9
754089.3
753996.6
754013.6
755037.4
755042.9
755066.1
755070.7
755037.4
755042.9
755066.1
753913.7
753874.8
753835.6
753801.9
753915.3
753875
753838
737738.8
735178.4
737653.1
735241.4
733312.6
735480.8
727527.7
755703.3
755507.3
755588.9
755659.1
755707.9
755510.3
755592.1
752573.9
751817.2
752363.3
743171.8
751335.8
752330.4
740291.9
757277.8
756800.3
757278.9
756673.6
757129.1
756675.1
757130.4
739722.2
741454.7
739643
728667.6
726674.2
728765.6
727395
753375.5
753408
753517
752115.3
752168.3
749892.4
752932.7
743864
750559.1
745813.9
742538.9
744914.3
742466.9
749952.5
751848.7
751139.9
751258.9
749469.5
750002.4
751324.4
749844.6
731256.2
731368.4
731612.6
730277.2
729726.1
738907.3
733435.8
746063.5
746055.5
750184.5
748061.1
749939.9
749064.3
750066.3
753183.1
753416.4
748157.1
752044.1
753590.8
753471
752700.4
755212.1
755208.7
755169.2
755170.7
755212.2
755208.7
755169.2
758731.1
757648.1
757751
758675.9
758733.4
757651.6
757754.5
752797.4
753307.7
753065.7
753113.3
753280.9
753176.7
752358.9
751512.5
753096.9
752525.1
753382.6
751623.6
753275.4
752846.5
754073.4
753964.9
754065.8
753983.6
754082.2
753977.4
754079.8
755124
754785.3
754887.2
754634.8
755132.2
754797.5
754905.3
754283.3
754525.9
754433.8
754331.7
754325.6
754533.4
754450
754075
754104.3
754095.4
754126.6
754074.6
754104.1
754095.1
751954.1
746702.7
744142.2
745374.2
752360.3
744876.3
744396
753226.3
750165.3
748297.4
748140.5
754639.2
748630.6
748772.2
750896.6
752925.7
752844.8
752442.1
750852.8
752896.2
752807.4
755240.6
755306.5
755251
755312.3
755240.9
755307
755251.3
749335.1
744159.1
741146.2
737963.8
737572.7
737691.3
744783.3
755293.8
755226.3
755298.9
755210.9
755294.6
755226.7
755299.5
756979.9
753832
756593.9
754231.6
757122.8
753482.4
756061.6
752078
751816.1
752283
751989.1
751331.9
751838.4
752318.6
751521
753519.5
751305.1
753500.5
751527.6
753523.5
751309.6
724885.2
726437.6
721039.4
722795.6
724918.4
726461.9
721115.3
754880.7
754792.1
754449.6
754471.4
754888.5
754776.1
754411.8
754629.8
754583.6
754525.2
754565.8
754629.9
754583.6
754525.2
728387.8
729804
732773.1
731542.5
728421.3
729833.9
732480.7
754636.2
754670.3
754721.5
754752.3
754636.2
754670.3
754721.6
748823.3
746676.7
747604.3
749759.8
748825.4
746677.8
747604.3
755271.4
755230.8
755271.4
755286.4
755242.7
755286.4
755242.8
754165.1
751960.6
751397.8
753783.9
754166.9
751962.1
751400.5
756286.2
755394.9
757316.6
755689.9
756275.4
755220.8
757140.6
759664.1
758965.2
759383.6
760251.1
759664.9
758966.5
759384.9
754957.2
755000.1
754975
754984.4
754957.2
755000.1
754975
754892.1
754918
754892.1
754899.5
754920.8
754899.5
754920.8
728276.1
729793.2
728514.6
730786.4
729619.1
729077
728387
749553.2
752344.5
752594.9
749545.1
751397
744844.5
751048.7
747952.7
752661
753738.6
747667.6
747376.2
747453.3
749941.1
757509
756971.8
757259.8
757899.7
757511.5
756975.2
757263.3
722980.4
723534.9
723628.2
724735.3
723206
723671.3
724187.2
759045.7
758480.3
757992.7
758443.4
759046.7
758481.7
757994.4
755189.9
755288.5
755288
755163.1
755190.6
755289.6
755289.4
733389.8
731184.4
734731.6
733469.5
733393.3
731184.8
734735.2
746242.6
745576.5
744341.8
747945.2
746246.9
745578.6
744344.7
753640.1
753051.6
752346.7
753070.2
752317.7
751409.6
753660.7
751928.9
752123.9
752442.7
752637
752289.5
752142.5
752475.3
751219.5
744456.9
750971.2
752408.9
746913.7
749368.1
743991.3
761494.7
760684.4
761494.9
760990.2
760259.6
760990.5
760260.1
755041.1
755102.6
755063
755081.2
755041.2
755102.7
755063.1
753302.4
753293.8
753174.9
753178.9
753283.2
753286.5
753159.8
737688.7
749463.5
738748.7
745104.5
738431.5
741917.1
742085
754063.5
754060.6
754091.5
754088.7
754063.2
754060.2
754091.3
755665.9
755757.5
755975.2
755909.6
755676.5
755765.6
755987.6
753222.6
753069
750302.1
753174.4
753179.6
752986.2
752891.3
754808.4
754854.1
754808.4
754826.7
754866.8
754826.7
754866.8
740143.3
737846.7
736685.6
738893.1
739907.7
737797.1
736404.5
752814.1
751031.7
750410.7
751705.8
752821.7
751039.8
750419.9
750206.5
753234.6
753337.8
753413.5
750347.1
753274.7
753297.2
753043.9
753157.1
750956.8
753352.4
753540.4
752512.1
752859.7
753352.3
753397.7
753477.3
753497.4
753414
752273.6
753546.5
752783.3
753592.5
752243.9
753600.9
752539.7
753641.3
752184.5
749677.3
747851.6
748908.3
750574.9
749153.1
749577.6
746421.1
752293.9
751652.3
751498.3
750767.6
751537.4
751590.1
748502.7
755327.5
755573.8
755414.3
755492.2
755331.5
755578.8
755417.5
755512.9
755442.6
755490.4
755463.4
755513.4
755442.9
755490.7
748858.5
746602.6
746961.9
749069.7
748869.1
746613.4
746970.1
725856.1
728143.5
726366.8
728399
726441
726829.2
726167.1
752847.6
747876.3
751978.5
752978.7
753238.4
747320.6
751499.3
755044.7
755027.5
755057.1
755013.4
755044.7
755027.5
755057.1
736720.2
734297.3
735440.8
737885.9
735504.9
734044.4
735170
753478.3
753429.8
753248.6
753538.3
753470
753411.3
753229.4
747960.7
747102
748073
748400.8
747982.5
747131.4
747999.6
752913.1
753002.7
752733.8
753213.9
752938.8
752447.2
752754.2
758449.9
757825.5
758450.8
758201.2
757636.7
758202.2
757637.9
740070.5
740614.9
738322.2
742032
740121.3
741030
737825.7
750156
749185.5
747995.8
749228.3
750180.1
749188.2
748003.4
755502.4
755484.4
755539.8
755573.4
755503.1
755484.9
755540.5
754129.3
754154.5
754129.2
754118
754142.3
754117.9
754142.2
755740.3
755480.7
755741.7
755451.4
755693.9
755453
755695.4
754177.1
754142.8
754177
754154.1
754127.4
754154
754127.3
755925.4
755603
755458.4
756171.2
755931.4
755611.8
755464.9
749725.4
749734.6
748822.9
750655.3
749417.4
749759.4
748765.9
736348.6
734996.1
733711.8
737423.1
736353.7
734996.2
733720.9
736323.1
737987.5
735776.9
738571.5
736339.4
738150.1
735862.7
743921
741063.3
742101.2
742969.9
743952.3
741151
742195.6
737018.7
737373.1
736742.4
740059
735554.2
739217.3
735200.7
762415.8
760158.7
761648
760383.7
760159.8
761649
760384.4
751633.9
751157.8
750317.8
751075.4
751576.9
751008.7
750338.4
751909.4
752304.9
753136.7
752734.3
752042.2
752584.7
753225.3
745889.4
744512.6
745440.9
746860.5
745966.4
744568.5
745494.9
753487.6
753358.3
753250.9
753424.5
753473
753340.6
753253.2
754447.5
754510.7
754438.1
754371.6
754447.3
754510.7
754437.8
730733.3
729338.9
727661.5
732206.4
730753.5
729349.1
727680.8
759887.3
759133
759887.8
758827
759522.6
758827.8
759523.2
732512.4
741133
745910.8
744835.1
744846.6
745723.6
745779.3
752731.7
744523.3
753258.2
749549.8
750855.2
745858.9
753156.9
754567.2
754633.4
754567.2
754664.4
754601.7
754664.4
754601.7
752280.3
741592.3
752217.3
752238.1
752206.1
744528.2
752008.1
729533.5
730285.7
733265.3
730624.2
722309.5
725338.4
733241
759697.9
759698.8
760826.6
760747.1
759699.4
759700.1
760827.5
732485
731134.9
734033.5
735283.4
732499.4
731166.1
734070.9
762919.8
762260.9
762920.4
761693.2
762014.2
761693.5
762014.7
755372.6
755424.9
755366.7
755435.5
755372.9
755425.2
755367
755674.9
755687.5
755725.4
755735.1
755676.9
755689.5
755728.1
755410.6
755357.3
755393.9
755345.7
755410.9
755357.5
755394.1
734715.7
733062.2
732055.2
733586
729716.5
733108.2
732174.5
753608.8
753448
753260.2
752132.3
753112.2
753392.5
751041.6
740579
739984.5
741703.9
740499.6
738035.6
737448.7
727928.3
755306.3
755257.3
755251.6
755298
755306.4
755257.4
755251.6
752488.2
751324.9
752252
752835.4
752885.8
752415.7
751962.9
753797.3
753702.6
753626
753624.3
753841.4
753742.7
753680.8
753778.3
753458.7
753665.6
753757.1
753824.5
753778.9
753709.3
753767
753698.6
753637.6
753718.9
753762.9
753693.7
753632.2
725437.6
725153.8
724964.3
725279
725537.9
725000.2
724322.4
756201.2
756214.8
755997.5
755957.2
756275.2
756024.9
755990.9
747710.4
732031
743665.9
748747
737244.2
732947.2
733819.5
746998
746024.1
747085.1
746158.8
746987.7
746042.1
747063.9
730819.3
734790.3
730068.4
736623.7
738185.4
735579.6
733389
753590
753510.3
753555.2
753661.7
753367.2
753557.6
753618.6
755906.5
755872
755891
755921.5
755919.8
755883.7
755908.9
742121.1
739886.4
738881.6
741014.7
742137.8
739896.8
738889.5
739990.5
742515
743394.8
741876.4
741074.8
742896.4
743462
724619
724289.2
724416.8
724808.7
724138.2
724081.9
724574.3
746967.5
746925
746742.6
746495.4
746829.3
746791.8
746535.4
717088.9
714970.2
720675
716206.4
719492.2
714953.7
720752.9
754726.6
754780.6
754831
754791.4
754726.6
754780.7
754831.1
751673.9
751638.7
751420.7
743794.8
743666.5
745267.7
743402.6
729284.1
730902
729944.6
728977.8
729043.2
728460.4
728472
752972.2
753002.8
752687.8
752963.1
753090.3
753082
752812.2
743184.4
743990.6
743740.2
743995.3
744516.5
744007.9
744497.6
744056.6
743920.7
743974
744664.2
744638.3
744660.2
744679.7
726104.7
725303.4
725420.1
725361.6
725622.1
727280.5
725508
725574.4
725038.4
724983
729065.4
726189.5
726109.6
726032.6
746231
746717.4
745901.7
744926.3
746191.8
746712
745931.5
754697
754755.8
754697
754724.6
754778.4
754724.6
754778.4
747180.6
747552.5
747335.4
746931.9
747213
747563.7
747295.6
726360.1
722381.4
726468.4
721649.8
726053.1
718002.2
714258.2
753616.2
753116.4
753181.2
753413.4
753636.3
753139.1
753375.7
754970.7
754994.4
755027.3
755005.5
754970.7
754994.4
755027.4
733071.9
728735.5
731010.1
732727.3
729633.4
731739.1
725289
759434
759439.6
760508.7
758629.8
759435.7
759441.5
760510
751190.6
751190
750934.1
751379.4
748050.3
751029.1
750771.4
755146.4
755179.8
755195.1
755126.7
755146.5
755180
755195.2
737885.2
734340.3
736506.9
735309.4
737668.1
735254.7
734934.6
755071.5
755130.8
755277.8
755202.4
755073.1
755132
755279.9
741451.8
738333.1
739340
741461.7
739690.4
729174.4
727176.4
753747.7
753580
753614.7
753674.4
753737.5
753564.3
753601.3
755051.3
755096.3
755155.9
755126.9
755051.5
755096.5
755156.2
747015.3
747052.7
747237.9
747135.7
746933.9
746975.7
747191.1
755624.4
755583.2
755625
755602.1
755641.8
755602.7
755642.6
747434.9
747276.5
746483.4
746294.2
747388.5
747235
746376.5
755699.3
755664.4
755700.3
755713.4
755679.4
755714.7
755680.4
756076
759338.3
758006.6
754596.3
758267.3
759037
758088.7
744191.4
744090.4
744109.9
744761.6
744543.7
744684.5
744373.4
753152.9
753234
753325.1
753344.2
749196.4
743197.1
745139.7
746923.5
746249.3
746637.7
746434.7
746877.2
746002.8
746457.8
746767.2
747046.3
748078.6
747190.1
746673.9
747131.1
747900
739684.4
726927.4
735422.5
729814.5
728182.7
730506.2
730878.1
749498.5
752553
752833.9
752967.6
751665.4
752495.4
752812
755043.2
754791.7
754801.6
755096.2
755049.6
754800.4
754809.9
746589.3
747071.4
750235.1
747753
746531.8
746979.7
750139.4
755357.7
755313.7
755357.8
755330.8
755376.4
755330.9
755376.6
754161.4
754043
754101.2
754109.2
754162.9
754044.6
754101.9
754578.3
754403.2
754433.5
754540.6
754584
754412
754439.7
742765.5
741244.4
741259.2
745075.9
744055.9
744987.1
743993.5
754816.5
754666.1
754702.2
754817.1
754822.5
754673
754708.3
753713.9
753859.3
753736.9
753790
753708.1
753855.7
753730.8
755745
755373.7
755502.1
755499.8
755748.7
755378.2
755506.1
747587.9
746267.6
747668.2
745845.8
747555.8
746108.7
747558.7
756316.8
755635.6
755982
755970.6
756320.2
755641.6
755985.6
736166.5
740331.8
738710.7
731274.5
731820.5
730754.3
732463.8
743630.3
743916.5
743522.8
743561
744056.4
743486.8
743876.4
749956
745732.3
752848.8
747853.5
745501.5
752641
746915.3
756659.4
756337.7
756713.6
757112.8
756663.2
756341.8
756716.7
752882.7
753520.8
753574.1
753875.6
753663.7
753882.8
753717.1
753756.9
753798.2
753734.4
753919.8
753788
753893.4
753421.1
753832.3
753703.4
753824
753195.3
753868.2
753569.4
753853.7
753389.7
753754.7
753654.1
753720
753428.1
753789.1
753746.9
753551.2
753641.9
753595.8
753653.5
753576.4
753651.5
753628.1
753463.5
753594.8
753407.6
753540
753386.6
753608.5
753532.3
743603.5
742700.3
744196.8
745106
743675.6
742753.7
744251.9
748435.9
742570.7
744097.7
742225.1
742513.6
746035.6
745393.9
753263.7
753200.6
753138.9
753270.3
753340.9
753196.3
753284.8
748034.3
744662.4
746296.7
748666.6
744060.6
747890.4
744174.5
752215.7
751709.7
750686.3
751284.1
752226.4
751719
750696.7
753334.2
753519.4
753429.9
753484.4
753388.6
753513.6
753420.4
742159.4
737634.2
744636.8
745052.9
742786.9
740666.2
752015
754835.4
754789.9
754804.9
754754.8
754835.4
754789.9
754804.9
742675.7
736891.6
731515.9
729464.6
730125.1
734692.7
737796.3
747592.7
746287.5
747162.1
748480.8
747654.9
746315
747179.2
744592
743793.5
743237.2
747535.1
747404.3
747142.6
747326.1
754481.6
754376
754482
754429.5
754328.2
754430
754328.5
755843.3
755799.3
755817.5
755890.3
755850.9
755804.3
755823.3
754556.4
754691
754670.5
754599.8
754556.4
754691.2
754670.8
754057.2
753864.8
753619.9
754224.5
754049.1
753857.6
753614.7
728237
728763.7
729640.6
728229.6
727257.6
728492.3
728357.8
757510.3
758546.9
757680.3
758264.1
757513.7
758549
757683.7
755560.8
754768.9
757465.9
756428.2
755561
754768.9
757466.3
738313.5
741024.2
735556.6
733071.6
736416.5
742419.1
745806.9
753235.8
752903.2
753144.1
753204
753228
753085.2
753143
752256.9
755671.2
755770.3
754602.9
753010.1
755688
755818
724979.3
726159
726060.3
725586.4
724308.5
727445.5
725582.1
750440.3
748261.7
751536.8
752533.1
750159.2
749608.2
752298.2
725320.8
727527.1
725318.3
731526.6
728904.7
731525.6
728903.2
731694.8
733010.9
731604.2
729680.2
736435.7
733040.6
734734
733331.9
740972.2
746033.8
745339.3
745044.9
746248.1
745960.7
755889.1
755941.8
755975.7
755905.5
755912.8
755976.4
755981.3
755460.7
755282.9
755605.3
755389.4
755463.2
755285.4
755607.1
726269.2
726564.6
726491.4
726564.8
730289.6
727296.7
727006.1
756163.1
756496.4
756393.1
755698.3
756152.5
756550.4
756416.5
755590.2
755515.5
755514.4
755595.9
755592
755516.5
755515.6
747448.7
746356.2
747311.8
747450.5
746520.7
747252.8
746399.2
755732.2
755085.1
750833.7
754944.9
755805.8
751831.2
751168.5
754493.4
754432.2
754535.7
754478.4
754432.2
754535.7
754478.3
743097
744067.8
745765
744850.8
743106.9
744072.3
745784.1
755738.1
755663
755661.4
755738.2
755741.9
755665.2
755663.9
748400
750794.2
752969.8
750444.9
750786.9
751312.2
753040.1
725997.8
725512.1
725660.9
727065.9
726525
726182
726245.4
712331.9
714373
712016.1
718720.2
716662.9
718714
716855.5
748196.6
746797.4
746083.2
745096.8
748206.2
746800.1
746095.7
738771.6
739343.5
740558.8
739835.3
750107.3
740338.4
743996.1
747266.8
746505.7
746600.7
747286
747379.7
746485.8
746571.3
745395.6
744725.3
745872
737403.4
732394.3
744189.6
735142
753125.4
753836.9
753549.3
752954.3
753058.5
753846.3
753567
748775.8
750831.5
750094.7
750775.3
749820.3
748518.5
750072.4
750297.1
751497.5
750944.1
751244.1
750319.2
751515.3
750962.2
748973.2
748078.1
749033.3
748233.9
748948.2
748029.3
740806.1
754279.6
754300.6
754360.5
754390
754280.6
754301.1
754362.2
753907.9
753721.9
753575.1
753742.5
753899.7
753710.3
753560.3
752673.1
752567
753140.9
753220
753003.5
752771.5
753124.4
755353.7
755046.9
755203.8
755179.2
755362.5
755053.1
755209
755838.5
755850.3
755984.8
755944
755845.1
755856.9
755994
748581.3
746975.9
748553
749075.1
748802.3
748408.5
749449.9
727416.2
727306.4
726885.3
730792.8
728057.6
728393
730853.8
744707.9
746580.2
746079.4
739504.6
740569.6
738899.8
740008.5
750191.7
748542.8
750824.5
749842.9
750188.8
748531.1
750821.4
754123.7
754119.4
754123.6
754108.6
754111.5
754108.5
754111.3
755394.8
755290
755117
755656.2
755407.3
755300.3
755131.4
739540.3
742992.6
744586.5
745931.5
746747.9
747267.8
746777.2
755448.7
755402.9
755448.9
755422.8
755469.3
755423
755469.6
741978.9
751481.6
752845.4
752695.4
746448
752156
751481.6
724952.7
723858.3
726457.5
724439.8
725273.4
723949.7
727030
752459.4
752663.3
752860.9
751020.1
752587.3
752204.7
752859.8
753438.9
753442.2
753355.8
753320.7
753425.5
753450.8
753324.4
749955.5
753628.3
753075.3
749267.6
749941.7
753531.4
753163.1
745117.1
743561.4
740350.3
738908.6
749006.5
738728.4
738220.5
756288.8
755992.2
755612.3
755568.6
756381.5
756033.1
755660.3
754204.9
754157.8
754113.4
754153.6
754204.7
754157.6
754113.1
753320.4
752615.6
753271.5
753397.7
753300.2
752646.8
753184.3
754995.1
754619.7
754469.3
755026.3
755013.5
754631.5
754493.9
749517.8
747426.4
744213.2
747247.8
743897.8
743881.2
746256.1
742469
742592.7
742087.7
747570.9
747774
747183.3
747363.2
749333.4
744741.9
740937.3
741674.6
745818.3
744257.2
745746.3
729688.4
731280.8
730050.2
730566.4
732644.9
729321
727967.5
747274.5
745461.5
746502.7
746298.9
746923.8
745578.9
743864.7
753651.3
753891.5
754139.5
753904.7
753671.5
753911
754158.3
754574.3
754567.6
754626.6
754516.4
754574.3
754567.6
754626.7
753753.4
753834.7
753873
753837.7
753795.7
753870.2
753903.7
757250.3
755160.9
756776
755509.7
757265.2
754157.8
756403.2
754222.9
754400.4
754393.5
754185.5
754220.2
754399.7
754393
755981.2
756209.6
756086.8
756065.6
755996.7
756226
756099.4
753819.1
754050.9
753884.5
753989.5
753809.5
754045.8
753877.1
745877.8
753192.4
753671.1
747750.9
745943.1
754796.2
755804
746884.9
746571.2
747838.4
740688.3
742747.4
742476.5
742551.4
752449.8
753446.3
753375.9
752712.6
752360.6
753503.6
753334
703281.9
704836.6
701763.9
709746.5
709238
710862
709764.6
755447.8
755299
755519.8
755751.5
755478.1
755317.6
755534.3
744106.9
745568.8
745309.7
740682.3
742318
743506
736759.7
748480.8
747874.8
748229.3
747912.8
748614.5
747946.2
748285.6
743825.4
743321.9
743806.2
748764.6
748470.3
748779.5
748288.2
754379.9
754348.9
754428.4
754392.1
754379.8
754348.8
754428.3
748318.6
748823.9
749876.8
744542.7
743437.5
744743.6
744923.2
729959.4
728640.9
728522.5
730204.5
733844.1
729817.7
730040.1
743739.8
746545.7
739436.7
752951.8
747273.1
752614.5
745721.1
755051.4
754986.2
755015.5
755008
755051.5
754986.3
755015.6
755755.9
755731.9
755757.5
755743.2
755767.7
755744.8
755769.7
752260.8
753000.7
753102.5
748470.1
753027
753155.7
753272.1
746842.7
747723.5
747884.7
739795.5
748872.5
747376.9
743282.3
753736.7
753797.8
753791.4
753716.4
753733.5
753795.4
753789
754963.5
754951.8
754968.3
754978.8
754963.5
754951.8
754968.3
756577.6
755726.1
755829.4
756386.9
756582.7
755729.8
755836.4
753209.5
752417.6
742953.4
739718.8
747178.1
752690.8
745000.8
757114.8
757702.7
757089.3
757992
757157.5
757591.4
757099.7
706382.9
709859.7
707961
713155.7
715011.2
713154.4
715042
749244.1
749136.2
749170.4
744798.6
743887.1
747929.3
746695.8
741616.7
743925.2
743221.4
752345.2
742459.8
747777.5
740420.1
753171.3
753011.7
752616.4
753015.1
753120.5
753088.2
752648.8
754262.3
754237.1
754169.9
754184.8
754261.7
754236.6
754169.1
753318.8
753437.4
753503.5
753408.3
753337.5
752962.4
753551.7
723437.4
716500.2
723762.4
727847.9
714934.8
722191
724691.4
747179.8
751298.6
749450.8
746097.5
751272.7
751641.9
748650.7
752376.6
751351.7
750024.4
746603.7
752335.8
747515.2
744110
752455.4
752943.4
752310.5
746808.3
750634.9
744645.4
752572.1
751699.4
750784
752001
751326.4
748206.6
753102.9
750666.3
749414.4
751227.2
750321.2
746291.6
746510.7
746521.4
751607.2
752376.9
751467.5
752915.5
747366.9
752679.5
746558
748911.1
751751.3
752615.8
752219
748573.1
747216.7
749876.9
747893.2
751290.4
750932.4
751143
747350.8
748064.5
746917.3
744393
752064.1
752298.3
752573.2
750944.3
747546
751239.4
743540.8
749280.3
750283.3
751334.6
746761.3
744408.5
744300.6
744510.5
751680.6
753079.5
752260
745060.5
746117.4
745512.8
745920.5
755167.6
755211.1
755205.6
755159.9
755167.7
755211.2
755205.8
753927.6
754096
753962.1
754077.1
753921.7
754093
753957.6
752478.2
754247.8
753615.9
753167.1
752485.6
754255
753622.2
755442.8
755375.8
755374.1
755443.1
755443.7
755376.2
755374.7
754621
754697.6
754542.3
754790.4
754629.4
754707
754551.1
754156.1
754213.7
754159.7
754218.6
754155.4
754213.3
754159.2
754635.6
754851.4
754617.7
754938.7
754642.5
754857.5
754621.4
754301.3
754397.9
754359.2
754331.6
754301
754397.7
754359
754210
754301
754366.2
754238.4
754209
754300.4
754365.6
744126.7
746771.4
750766.1
743282.7
751223.1
746346.9
752840.5
748822.7
749510.8
752313.1
749864.2
749241.2
751772
751786.7
748769.2
749080.7
748894.3
746368.8
747219.7
747100.6
746744.5
748805.2
747844.9
748940.3
742871.4
748976.4
740581.7
742412.5
755778.8
755761.9
755795.7
755822.4
755783.1
755765.4
755800.6
723986.7
722872.9
723601.8
723500
724391.3
723145.4
724084.8
752762.7
742986.6
750002.8
750944.1
752868.3
742382.4
743203.4
724657
725451.6
724975.3
725677.9
725150.1
726226.3
725567.3
753986
754029.4
754025.3
753979.6
753985.3
754028.9
754024.7
753925.9
753934
753873.8
753863.6
753924.7
753932.9
753872.4
749122.1
747050.3
747165.8
749318
749127.2
747055.8
747172.5
720780.2
722935.4
720775.4
726332.8
724364.8
726331.6
724364.3
740809.1
741929.1
744513
745082.6
741690.9
742146.5
747171.8
757509.7
757050.7
757373.1
757885.2
757511.6
757052.9
757374.7
756155
755382.5
756830.6
755012.2
756158.9
755386.2
756833.9
755192.5
755156.9
755192.6
755202.4
755164.8
755202.4
755164.8
754011.5
754126.2
754370.2
754322.1
754001.6
754121.8
754370.2
753537.7
753892
753941
753821.8
753646.9
753755.6
753958.8
755041.1
753833.2
754008.4
755031.7
755089.2
753811.4
754038.4
754963.1
754904.6
754933.8
754937.1
754963.1
754904.6
754933.8
734016.2
745130.6
740185.7
735895.7
734588.6
737715.1
736266.3
754033.1
754120.1
754991.9
754932.3
754067.4
754105.9
754995.8
753642
753668
753573.1
753540.4
753638.4
753663.9
753567.3
751598.8
751373.5
751024.7
751697.6
751548.4
751290.2
751356.3
753239.1
753978.5
753922.6
753851.2
753410.7
753897.8
753994.8
728821.5
727655.5
727700.9
726814.4
729274.7
727937.7
728350.2
608408.5
609952.1
676874.4
609837.9
701233.6
697093.3
705137.5
755803.6
755799.8
755799.3
755802.1
755802.2
755798.4
755800.7
740872.1
743824.3
751046.1
730960.3
746647.3
743504.7
747711.5
751045.8
752515.5
751408.9
750739.1
752296.1
752445.4
751211
754907.1
754848.6
754884.9
754875.2
754907.1
754848.6
754884.9
745497
746653
747408.8
746927.5
747457
746719
747468.6
753244.4
753196.3
752893.5
751741
753220.2
753166.7
752841.7
753550.1
753632.6
753642.1
753535
753547.7
753629.2
753639.4
754869.2
754828.7
754871
754905
754869.2
754828.7
754871
754373.3
754510.4
754269.1
754143.9
754390.4
754604.9
754351
755850.3
755818.7
755838.7
755887.6
755848.5
755911.2
755863.7
732710.8
730144.8
730932.7
737818.1
736810.7
734206.3
730536.2
753080.3
748337.9
753272.5
753160.2
750965.8
747756.6
750691.5
724011.6
723567.1
723638.4
723918.9
724219.8
723754.1
723708.4
751828.6
752455.8
752120
752308
752424.5
752386.3
752056.3
757404.3
756176.8
757987.4
755807.6
757406.8
756178.6
757989.2
723292.4
723652.3
723754.1
723190.4
723197.9
723551.2
723871.7
756275.8
756497.3
756916.3
756645.2
756278.2
756499.2
756918.1
750705.2
752367.3
745862.7
751594.2
745702.1
752604.5
742289.9
745289.2
731063.4
731839.4
731466.3
749128.2
739689.7
750428.3
753601.3
753689.2
753662.2
753573.4
753602.3
753689.6
753660.1
753676.1
753720.9
753755.2
753644.3
753684.8
753723.6
753761.9
753886
754110.6
754075.5
754004.2
753998.9
754133.6
754132.4
753799.3
753866.8
753861.4
753806.6
753831.4
753893.8
753880.2
754004.8
754111.4
754038
753999
754019.2
754132.5
754059.5
753913.6
753888.6
753972.7
753946.5
753913
753887.6
753972.1
753247.2
747393.1
753531.6
747260.7
751235.5
740814.8
753708.3
750067.3
749243.8
747501.9
747183.8
748749.7
748597.3
749694.1
745262.5
748044
746529.8
746466.4
744787.9
746759.3
744833.6
743729.7
743928
744003.6
748044.1
747758.7
748220.4
748192.1
754037.6
754025.8
753979.7
753973.6
754036.9
754025.1
753978.4
755812
753667.7
756693.2
754547.7
755753
752928.3
756705.3
753222.7
753434.4
753454.4
753306.6
753271.6
753437.7
753448.3
753034.9
753000.7
753269.5
753246.5
753323.1
753296.2
753291.6
755011.6
755018.3
754988.4
754997.3
755011.6
755018.3
754988.4
752479.6
753114.6
753148.3
753053.3
753044.2
753136.6
753237.1
753750.6
753796.5
753830
753724.7
753752.6
753801.8
753843.1
754250.3
754407.9
754401.5
754247.8
754248.9
754407.3
754401
743628.9
744185.6
740971.6
750261.1
749986.9
743655.6
749963
752010.3
749835.3
752982.5
752689.8
752296.4
748322.5
752971.9
751383.1
753435.2
753556.4
753262.9
753617.8
753481
753328.9
755132.7
755133.2
755097.6
755100.6
755132.7
755133.2
755097.6
748985.7
748881.2
749667.1
748058
748836.1
749171.4
749654.4
731931.7
730426.1
728153.4
734828.1
734671.7
737099.1
736059.7
741440.1
741971.3
741459
747206.1
748598.1
747149.6
748686.6
757212.8
757648.9
757442.5
756287.7
757256.2
757565.6
757442.1
726089.2
726014.2
727264.8
736540.5
726867.4
726221.3
729852.3
754291.6
754171.4
754166.6
754285.6
754298.8
754179.5
754177.7
722851.6
723057.6
723311.1
723307.4
722929.2
723149.4
723420.5
755558.6
755536.1
755600.2
755580.4
755559.2
755536.5
755601
748411.3
751540.9
750818.2
748637.3
748795.4
752524
750888.3
742803.2
741975.7
748653.4
749037.5
747970.6
748194.8
747820.7
755839
756000.9
756015.3
755827.7
755845.5
756009.8
756025.3
754090.7
754123
754052.4
754097.1
754090.5
754122.8
754052.1
755124.2
755094.3
755124.2
755099.5
755130.6
755099.5
755130.6
754847.7
754806.9
754773.2
754906.5
754848.6
754808.1
754773.9
729273.2
728244.1
727687.8
727682.7
728962.5
728303.7
727397.3
740642.4
741272.9
743634.7
742927.4
740653
741281.3
743645
753945.4
754135.1
754077.7
754001.1
753835
754099.4
754105
754553.3
754611
754458.2
754503.9
754556.1
754613
754460.5
754337.3
754482
754222.9
753914
754355.9
754493.7
754129
752733.6
746921.5
743207.1
743588.1
748672.8
743233.6
743530.5
752623.7
754316.1
752782.3
754464.5
752623.7
754316.1
752781.4
752134
757555.8
758749.9
753450.1
757841.6
759646.8
749433.8
750925.7
750277
744593
744563.2
746146.2
741550.5
750907.5
753438.6
753473.3
753608.8
753548.3
753421.9
753461.6
753600.1
747134.6
750402.7
753311
745879
748291.4
749033.7
753428.6
755539.3
755494.5
755539.6
755559.7
755515.1
755560.2
755515.4
754093.6
754006.2
754033
754106.6
754092.3
754004.1
754030.8
756179.7
756248.9
756605.8
756606.9
756206.7
756266.9
756630.6
752545.5
751885.7
752919.5
752329.3
752641.2
751857.9
752897
753299.6
743643.7
751125.7
743786.5
750125.6
743296.8
742905.4
754849.9
754669.8
754745.9
754742.1
754852.1
754672.4
754748
755084.3
754980
754867.4
754952.8
755087.5
754982
754869.4
753967.1
753335.7
756723.9
748788.3
753050.9
752384.8
756713.4
738453.6
740639.1
738452.2
742000.8
740276.3
741998.1
740276.7
753871.4
753927.1
753931.2
753876.4
753869.5
753925.7
753929.4
752071.9
752083.2
749163.5
752450.2
752016.4
751365.7
749125.9
726050
725210.1
729170.2
727463
725764.3
725259.3
728409
749213.3
748961.8
749632.3
739661.5
737253.4
742224.3
743464.4
725479
725821.9
725947.2
726123.9
725881.7
726654.8
726718.5
754569.3
754595.3
754725.6
754788.5
754570
754597.1
754727.2
747291.5
745613.8
747922.2
736813.7
748398.4
747823.7
748050.7
716517.6
718680.7
716547.6
720570.1
722487.3
720561.7
722489.3
753174.8
753822.1
754022.5
753750.1
753271.4
753584.5
753785.5
756177.8
756245.9
756523.9
756393.9
756189.6
756259.4
756542.6
755079.4
755127.6
755090.5
755118
755079.4
755127.6
755090.6
755230.2
754978.4
754901.4
755147.5
755234.2
754984.1
754907.3
723793.8
725378.8
723901.6
723651.4
724188.2
726344.4
724246.3
753253
753455.1
753426.8
753304.4
753253.1
753446.4
753416.5
755067.3
755042.8
755067.3
755071.1
755044.7
755071.1
755044.7
727251.7
727011.5
728826.5
726695.5
726981.6
727845.9
728184.5
742948.1
745144.9
742925.1
743669.8
745630.5
743653.9
745601.5
755646.5
755584.3
755622
755621.3
755647.9
755585.2
755623.1
755656.7
755732
755633.4
755746.8
755659.7
755736.5
755636.6
751230.4
751088.3
751327.7
743624.1
743267.7
743353
743530.8
755311.5
755259.3
755257
755313.7
755311.7
755259.4
755257.2
725775.4
725644.9
726708.2
728727.1
726167.3
726017.3
726376.7
754170.7
755068.4
754112.5
755056.7
754182.2
755077.6
754123.9
749370.5
748595.5
748352.6
751402.7
750936.4
752635.7
752718.3
757793.5
758432.2
757379.6
756931.7
757796.3
758434.8
757383.2
753844.7
753833.3
753889.7
753790.5
753842.6
753830.3
753887.8
755864.9
755822.2
755840.7
755853.9
755879.5
755829.1
755850.5
742634.7
743143.8
743085.7
743170.2
743475.6
743175
743431.7
751346.8
748015.8
747889.3
751893.5
751787.1
750552.7
751386.4
752950.8
747528
745115
748390.1
752791.3
745125.1
745280.4
741992.5
745414
752573.2
744518.4
746498.5
751270.1
748164.4
754779.7
754918.1
754996.5
754872.9
754784.5
754920.9
755000.2
754781.8
754772.4
754863.8
754841.6
754782.1
754772.9
754864.2
750589.7
750773
745730
747946.6
750459.1
747873.3
750362.7
747830.4
744682.8
747846.9
747399
748332.6
747858.4
747850
750707.9
752740.2
753410.6
752406.6
750339.8
753415.9
752714.6
754440.4
754545.3
754441.8
754584
754445.1
754548.7
754445.1
755060.4
756122.8
756446.6
755396.5
755066.3
756127.6
756451.6
754913
754934.2
754952.5
754933.3
754913
754934.2
754952.5
738365.5
733489.9
737531.9
730567.2
735919.2
731540.6
731197.8
754296
754227.9
754296
754197.2
754257.2
754197.1
754257.2
754411.6
754478.8
754411.6
754408.1
754377
754408.1
754377
755240.6
755054.2
755242.1
755260.4
755142
755261.9
755143.3
754279.9
754337
754279.9
754276
754322.8
754275.9
754322.8
751979.4
744822.4
750114.3
737900.1
746756.8
749770.8
751667
751401.2
747990.1
752502.9
742897.9
751115.8
748216
752380.9
754702.3
754945.2
753978.9
753691.4
754711
754954.1
753990.2
723652.7
724589.5
724784.2
724549
723987.2
724720.3
725070.8
755021.3
755002.5
755021.3
755001.9
755021.8
755001.9
755021.8
747186.7
748888.2
747028.4
749232.8
747603.9
749218.6
747565.2
733987.6
736264.3
733987.5
738530.6
736760
738530.8
736760.1
743681.5
743395.2
752275.4
744388
743793
742946.2
747773.3
743953.8
742172
745011.7
743623.5
743954
742172.1
745010.3
753913
753917.1
753949.2
753852.5
753910.6
753915.3
753947.7
728273.1
727684.3
727165.5
733268.8
730191
729765.6
727972.4
750647.3
750469.6
750286.9
749357.7
750512
750495.7
750620.7
754842.8
754811.9
754894.6
754929.8
754843
754812.1
754895
736246.7
739167.1
737229.6
738424.4
736247.2
739172.5
737230.6
743735.9
751406.4
752880.3
748431.5
743541.8
751254.8
752795.2
755025.4
754900.7
754934.8
754976.6
755026.3
754901.4
754935.3
745104.6
751605.5
740775.1
744188.3
745579.1
752057.2
742032.4
725608.3
725732.2
726135.7
727445.5
726614.5
726379.9
727208.3
743122.7
751134.2
745245.2
743204.2
743320.5
746503.6
745628.4
746431.4
752903.7
751847.9
747207.8
745749.5
752683.2
745502.7
729517
731711.7
729515.9
733020.6
734793.2
733019.6
734793
685052.5
701037.3
684873.3
708498.1
688171.3
707993.2
706608.6
755788.1
755775.6
755790.3
755782.3
755791.1
755784.7
755793.6
736588.4
737110.8
747466.8
744874.1
738975.5
736884.8
735185.6
759167
761074.5
759167.1
758008.6
759456.3
758008.8
759456.7
729082.4
726910.6
725763.1
730298.4
729105
727010.9
725823.5
754981.1
754943.7
754914.9
754955.1
754981.2
754943.8
754915
738445.9
746189.3
738223
748808.6
737977.9
748285.3
738619.7
754261.5
754332.4
754305.2
754279.4
754261.3
754332.2
754305
747914.7
740129.3
750295.6
738560.6
738442.6
738251.6
746954.6
754773.1
754622
754774.2
754563.7
754691
754564.5
754692.3
743993.8
743586.5
743557.2
748752.9
748638.5
749094.1
748866.9
744615.2
752709.3
751553
742365.3
747098.2
743356.2
741212.2
730493.2
728743.5
730214.2
732657
730775.2
733744.9
728280.2
754523.8
754678.7
754659
754546.7
754523.7
754679.5
754659.4
753836.8
753666.5
753718.8
753783.8
753830.9
753656.5
753711
749654.8
739008.4
744578.8
740958.8
746938.1
742780.1
751988.9
748980.6
747149.5
746989.2
745412
748978.5
747139.2
746987.1
747411.9
746238.3
747081.2
749415.7
750421
749676.2
750779.1
702539.6
711377.5
717608
717360.4
705340.7
716372.4
711595.3
753016.7
753214.3
751683.5
753109
749184.5
753361.4
747992.9
755440.7
755371
755436.6
755373.6
755441.9
755371.9
755438.1
752944.8
751590.7
753172.9
743120.5
743301.4
743379.4
743146.4
753843.5
753745.3
753819.1
753769.9
753843.1
753743.7
753817.9
753890.4
753796.4
753939.9
753878.9
753887.1
753791.3
753936.6
752323.7
753230.4
753182.9
752226.7
752341
753246.3
753198.7
754063.3
754002.3
754031.7
754099.7
754062.8
754001.3
754030.9
754932.1
754860.1
754881
754936.5
754932.2
754860.2
754881.1
726136.6
726503.6
726506.5
727823.2
727038.3
727068.7
727546.5
738950.4
738054
732003.6
733279.2
737757
734033.7
734839.5
741859.7
740898.7
739516.7
742981
741861.3
740899.2
739517.3
755812.2
755813.2
755823.6
755814.3
755823.1
755820.8
755832.8
755802.6
755819.8
755786.6
755810.1
755807.4
755827.3
755790.5
723384.8
719207.8
721827
717815.9
723430.2
719435.6
722049.7
750608.8
752225.6
750614.6
750828.6
752472.8
750825.9
752472.2
753794.8
753727.4
753802.8
753716.2
753792.6
753725
753800.9
745651.3
748246.1
742572.6
742889.9
744169
746238.4
742534.2
724828.4
726756.1
726212.5
724317.3
724373.1
726126
725354.1
754487.9
754405.4
754455
754443.5
754487.9
754405.3
754454.9
744191.4
745050.4
744219.4
744236.8
744535.5
743764.6
745940.6
729417
741591.9
739180.7
736064.1
732107
749610.6
744820.6
747588.4
747650.2
745880.6
745578
747511.5
747586
745837
749620.3
751401.4
744501.8
744107.6
742634.1
742336.6
742437.1
754185.7
754180.7
754275.1
754095.3
754204
754205.9
754304.3
726224.4
726074.7
727312.5
728458.2
727242.2
728017
734127.5
753172.2
748837.5
753297.1
753193.5
747532.4
753470.1
753165.1
752857.4
752781.2
752658.4
752483.4
752678.5
750968.6
752509.2
751910.7
750135.7
753514.8
747133.8
746451.7
750631.5
752687.2
754986.5
754973.2
754986.5
754984.7
754970.2
754984.7
754970.2
755709.9
755694.2
755659
755678.7
755712
755695.9
755660.3
754186.6
754237.4
754333.4
754314.6
754192
754239.8
754336.4
753164.2
752988.5
752750.3
752886.5
753148.6
753045.5
752730.4
750108.5
752852.2
753041.9
752701.4
751672.9
747022.4
752825.7
711919.1
705007.9
699878.2
705201.5
714022.1
713611.2
707892.9
755809.2
755803.3
755795
755799.9
755807.6
755798.4
755803
755659.3
755676.4
755639.7
755621.7
755660.3
755677.7
755640.8
755695.4
755743.4
755711.6
755729.8
755696.7
755745.5
755713.3
749639.5
743241.3
744371.3
750924
750619.3
750529.7
750871.1
746629.3
752044.4
751977.6
744537.4
739751.5
739964.5
740371.6
757386.4
760423.8
758215.2
758540.2
757124.3
759394.8
757978.3
751637
753248.6
752120.6
750275.3
751182.9
753436.3
753344.9
755507.6
755555.9
755495.7
755582.4
755509.2
755558.3
755497.6
754051.2
753946.5
754006
753989.3
754051.4
753946.3
754005.7
754040.2
754061.4
754020.3
753996.8
754039.8
754061
754019.8
755004.1
754987.3
755138.3
755228
755009.3
754991.8
755141.8
754471
754353.4
754389
754301.2
754483.3
754365.6
754408.7
751800.2
752078.3
745106.4
747233.1
751284.6
742685
744035.7
751479.5
750431.1
750594.2
750379.2
751752
750976.5
751368.4
758280.5
756141
758164.2
756314
758281.7
756141.5
758165
745382.9
741879.7
741464
741429
743356.4
741741.6
741606.1
755635.4
756130.5
755835.3
755933.8
755638.4
756132.4
755837.1
742667.6
742204.8
744611.3
744573.6
742670.7
742208.8
744616.9
727810.2
726888.3
726145.7
727229.9
731901
732312.3
726442.1
753998.1
754111.2
754030.1
754107.8
753994.7
754109.5
754027.7
749588.5
750132.7
749241.7
749230.2
750064
749923
749323.3
748527.9
748636.1
744455.8
747305.9
748896.6
749029.1
744448.6
753573.3
753530.2
753642.8
753645.2
753565.1
753520.8
753634.4
754202.7
754246
754280
754240.8
754202.4
754245.9
754279.9
755868.2
756687.5
756825.8
755700.6
755875.2
756692.5
756831.1
726713.1
730272
726255.5
727359.1
725193.3
735216
727453
755792.8
755780.2
755771.2
755758.9
755796.4
755783
755773.9
755776.8
755760.3
755728.8
755747.6
755780.4
755763.2
755731
730965.5
725569.7
728662.9
730224.9
733003.5
726004.8
729770.4
753612.1
754765.2
753612.1
755392.3
753990.2
755392.3
753990.1
753937.6
753998.1
754039.8
753947.2
753977.3
754016.2
754057
754243.7
754093.4
754140.8
754202.1
754257.2
754110.1
754156.8
751953.4
752761.7
753161.8
752413.9
751972
752775.6
753177.6
743212.7
735763.5
741892.6
751304.4
750515.3
751051.7
745454.6
755093.2
755003.3
754968.2
755060.1
755093.7
755003.6
754968.7
735204.2
731988
726422.8
732782.4
725952
728401.7
732467.2
726083.6
726719.6
724787.3
727762
726667.7
727789.2
725908.4
750988
751264.4
750911.4
743551.9
743342.7
743567.8
746139.3
752291.6
750017.9
752310.4
749461.4
750223.6
750004.2
749195.4
748031.1
746559.5
748916.6
748471.9
747991.9
746477.2
748905.9
755419.9
755509.6
755454.2
755381.8
755422
755512
755456.1
754963.1
754955.6
754963.1
754954.9
754960.6
754954.9
754960.6
754145.2
754229.6
754168.3
754206.8
754145.6
754229.9
754168.5
744081.2
742011.9
744545.7
741604.2
744090.5
742017
744552.9
750570.3
745573.5
745107.5
748388.9
750412.5
750066.7
750256.1
754933
754945.9
754951.5
754937.9
754945.9
754951.5
754937.9
739175.5
736943.5
739308
736196.8
739178
736943.5
739310.2
754124.4
754196.3
754149.9
754158.4
754124.2
754196.3
754149.8
750867.8
751356.7
751754
751544.4
750689.3
751336.2
751954.3
755019.9
755107.7
755123.5
755214.1
755022.1
755109.5
755126
752319.6
746631.2
751902.6
752130.2
745142.4
751955.8
751721.2
741958.2
743603.1
742013.9
742030.7
743097.6
745469.5
741783.3
748457.2
748483
748858.8
748859.5
748477.3
748439.3
748924.6
750226.8
750252.2
749290.1
749455.9
750119.6
750478
749408.1
756732.6
756822.8
755895.2
755934.9
756737.6
756827.8
755902.1
747215.9
745679.5
751692.8
751691.2
750270.1
751663.5
751971.8
744606.6
743987.7
743907.1
749249.2
748752.6
749393.1
749059
748937.7
740825.5
739027
738673.2
748177
749565.5
749621.1
754296.6
754322.4
754340.1
754365.6
754296.5
754322.3
754340
754948.2
754943.4
754950.6
754943.4
754950.6
754948.8
754948.8
756073.1
757294.8
755625.2
757294.9
755625.2
756502.4
756502.5
)
;

boundaryField
{
    buWall
    {
        type            fixedFluxPressure;
        gradient        uniform 0;
        value           nonuniform List<scalar> 
2480
(
754190.2
754922.3
736683.7
755975.9
745364
756919.6
754011.6
739813.6
727872.8
753753
754294.4
724388.4
755048.5
751400.8
750581.7
726326.9
732834.3
754066.9
754639
746995.9
739008.6
753998
755066.1
753913.7
737738.8
755703.3
752573.9
757277.8
741454.7
753408
743864
751848.7
731368.4
746055.5
749525.3
755212.1
758673.5
753364.6
752525.1
753964.9
754620.4
754433.8
754104.3
751954.1
750165.3
752844.8
755306.5
744159.1
755210.3
753832
751985.5
751521
726437.6
754456.5
754629.8
728387.8
754670.3
746676.7
755230.7
754165.1
755394.9
758965.2
755000.1
754920.8
730786.4
752594.9
747952.7
757509
722980.4
759045.7
755189.9
733389.8
747941.5
752346.7
752442.7
748343.8
760259.6
755081.1
753293.8
742597.2
754063.5
755892.7
753222.6
754866.8
737846.7
752814.1
750206.5
753043.9
753397.7
752243.9
748908.3
751498.3
755414.3
755512.9
748858.5
728143.5
751978.5
755013.3
737593.9
753248.6
748073
752913.1
757636.7
738322.2
749185.5
755572.4
754142.3
755693.9
754127.4
755603
748822.9
733711.8
736323.1
742939.6
739153
761648
750650.1
753136.7
745889.4
753250.9
754438.1
732195.2
758827
732512.4
752731.7
754664.4
752280.3
733265.3
759698.8
734033.5
762919.8
755435
755725.4
755345.6
732055.2
753260.2
739736.3
755306.3
752573.3
753626
753665.6
753637.6
725437.6
756118.3
743665.9
746998
732590.6
753590
755906.5
738881.6
739990.5
724619
746967.5
714970.2
754791.4
751420.7
728977.8
752972.2
743028.1
744002.2
725622.1
725574.4
746231
754697
747180.6
726360.1
753392.5
755027.3
733071.9
759439.6
750934.1
755126.6
737885.2
755277.8
741451.8
753685.8
755155.9
747186.1
755582.7
747276.5
755663.6
758942.5
744175.8
753152.9
746637.7
747127.8
739684.4
749498.5
755087.9
746589.3
755376.4
754106.1
754532.7
742752.6
754810.5
753736.9
755493.3
745998.6
755966.2
736166.5
743561
747853.5
756659.4
753574.1
753734.4
753764.9
753654.1
753595.8
753407.6
745054
748435.9
753239
746296.7
750686.3
753429.9
743215.6
754835.4
731515.9
748465.6
747535.1
754481.6
755843.3
754691
753619.9
728237
758261.8
757465.9
738313.5
753212.7
755770.3
725236.4
750440.3
727529.1
729680.2
746033.8
755975.7
755605.3
726269.2
755854
755594.4
747448.7
755085.1
754493.4
743097
755734.9
751165.2
725997.8
714453.1
746797.4
739343.5
747266.8
744039.1
753549.3
750727.5
750944.1
748973.2
754300.6
753575.1
752673.1
755203.8
755933.3
748581.3
727416.2
746580.2
750191.7
754123.7
755394.8
742992.6
755402.8
752845.4
726457.5
752663.3
753355.8
749955.5
745117.1
755612.3
754113.4
753422.3
754469.3
747426.4
742754.7
749333.4
731009.6
747274.5
753651.3
754626.6
753753.4
756776
754222.9
755981.2
753884.5
753671.1
746884.9
753446.3
704742.4
755519.8
744106.9
747874.8
743825.4
754348.9
748318.6
729712.9
739436.7
755015.5
755730.6
753102.5
746842.7
753791.4
754951.8
756382.4
742953.4
757949.8
713155.7
749735.3
743221.4
753011.7
754169.9
753318.8
723437.4
751252.9
750914.2
752375.4
751704.4
747733.4
752379.8
752078
750684.1
751726.2
750283.3
752593.8
755211.1
753962.1
753615.9
755442.4
754697.6
754159.7
754635.6
754331.9
754210
744126.7
749375.6
749468.2
748805.2
755778.8
723601.8
752762.7
725130.4
753986
753925.9
749122.1
722938.2
741300.5
757883.9
755007.3
755202.4
754011.5
753537.7
753833.2
754933.8
734016.2
754033.1
753642
751598.8
753731.7
727655.5
676874.4
755799.3
743824.3
752515.5
754848.6
739870.2
753244.4
753536.9
754869.2
754510.4
755887.6
737818.1
753080.3
724011.6
751828.6
755804.8
723754.1
756275.8
746681.9
731547.6
753574.8
753639
753944.4
753781.7
754004.8
753947.4
747393.1
747183.8
748044
743928
753974.6
754511.9
753222.7
752870.4
754997.3
752479.6
753707.8
754407.9
743628.9
752982.5
753268.7
755132.7
747865.8
730426.1
741440.1
757212.8
726089.2
754291.6
722851.6
755536.1
751540.9
749037.5
755820.7
754123
755094.3
754905.2
727682.7
742915
753939.2
754611
754482
746921.5
754316.1
758749.9
748411.7
753438.6
746134.9
755494.2
754006.2
756179.7
752545.5
747673.5
754739.1
755084.3
748716.9
740637.7
753871.4
752482.2
727250.7
749213.3
725479
754785.2
748709.8
720570.1
753174.8
756177.8
755118
755230.2
723793.8
753318.3
755042.8
727011.5
745193.6
755620
755742.4
751473.6
755311.5
725775.4
754112.5
748595.5
757793.5
753793.8
755844.4
743143.8
749707
752950.8
741992.5
754779.7
754772.4
751007.1
740226.7
750707.9
754579.7
755060.4
754952.5
738365.5
754197.2
754478.8
755052.5
754276
751420.2
743359.3
754702.3
723652.7
755002.5
748889.8
736265.1
744505.6
742172
753917.1
728273.1
749357.7
754929.6
738415.8
743735.9
754975.5
745104.6
725608.3
751134.2
745365.5
733020.6
702723.4
755773.7
736588.4
758008.6
730180.2
754981.1
738445.9
754279.6
749350.4
754563.7
748752.9
744615.2
730493.2
754678.7
753791.6
749654.8
748980.6
750144.2
702539.6
753016.7
755440.7
753085.3
753843.5
753890.4
752208.4
754100.2
754936.3
726136.6
730842.7
742979.9
755806.2
755786.6
717785.8
752224.1
753718.9
748246.1
724828.4
754443.7
745050.4
741591.9
747588.4
749620.3
754074.1
726224.4
748837.5
752493.8
753333.6
754973.2
755709.9
754186.6
753164.2
750108.5
711919.1
755804.4
755621
755695.4
749639.5
746629.3
758898.1
753248.6
755580.2
753988.7
754040.2
755004.1
754285.2
751800.2
750431.1
756312.8
745382.9
755635.4
742667.6
727810.2
754110.1
749156.9
748527.9
753573.3
754202.7
755694.3
726713.1
755792.8
755728.8
728662.9
754765.3
753888.2
754184.7
751953.4
735763.5
755093.2
742753.7
726083.6
751311.7
752291.6
746559.5
755380.3
754955.6
754145.2
742011.9
750570.3
754933
736197.9
754196.3
751576
755019.9
746631.2
742076.2
748457.2
750252.2
755927.9
751822.4
743987.7
738859.6
754365.6
754943.4
757294.8
754181
754228.9
754228.6
754930.4
754231.4
754378.9
739719.9
740536.5
737915.8
756051.4
756398.3
756296.7
745458.2
748165.7
748181.5
756627.8
756842.3
757065.4
753919.8
753880.6
753961.8
741589.1
739713.2
744102.4
729334.4
726058.8
724392.8
753077.5
751389.2
752139.9
754350
754594.2
754554.9
724866
724837.3
724617.4
754938.3
754827.7
754946.3
753464.5
753513
753203.4
751593
753496.9
751631.9
717986.4
721985
726145.9
729838.8
729559.4
732518.1
754086
754119.9
754097.3
754677.8
754735.6
754698.1
744533.8
744809.5
745121.1
746687.6
740760
744866.9
754080.8
754089.9
754014.4
755070.7
755042.9
755037.4
753835.6
753800.3
753874.8
735178.4
735159
737653.1
755588.9
755507.3
755654.4
751817.2
752363.3
746229.7
757129.1
756673.6
756799.1
739722.2
739643
739829.8
753375.5
753584.3
753517
745813.9
747822.2
750559.1
751258.9
750106.1
751139.9
731256.2
730425.4
731612.6
746063.5
748817.9
750184.5
748157.1
753416.4
753183.1
755208.7
755169.2
755170.6
757648.1
757751
758731.1
752797.4
753065.7
753307.7
753096.9
752524
751512.5
754073.4
754065.8
753959
754785.3
755124
754887.2
754525.9
754327.6
754283.3
754126.8
754095.4
754075
746702.7
744142.2
744887.8
749806.9
748297.4
753226.3
752925.7
753121.5
750896.6
755311.9
755251
755240.6
742327.2
741146.2
749335.1
755293.8
755298.9
755226.3
756979.9
756593.9
755358.4
751816.1
752078
752283
753494.2
753519.5
751305.1
722778.8
721039.4
724885.2
754449.6
754792.1
754880.7
754583.6
754525.2
754565.8
731498.3
732773.1
729804
754636.2
754721.5
754752.2
748823.3
749758.9
747604.3
755242.7
755286.4
755271.4
751960.6
751397.8
753781.2
756286.2
757316.6
755859.6
759664.1
760250.4
759383.6
754975
754957.2
754984.4
754918
754892.1
754899.5
729793.2
729569.8
729619.1
752344.5
749553.2
752801.4
753738.6
752661
748500.9
757897.4
757259.8
756971.8
723534.9
724794.4
723628.2
758480.3
757992.7
758442.2
755162.2
755288
755288.5
734731.6
733469.5
731184.4
745576.5
744341.8
746242.6
753097.1
753640.1
753051.6
752612.5
751928.9
752123.9
751219.5
750971.2
744456.9
760684
761494.7
760990.2
755102.6
755063
755041.1
753213.3
753174.9
753302.4
745104.5
738748.7
749463.5
754060.6
754088.9
754091.5
755975.2
755757.5
755665.9
753044
750302.1
753069
754854.1
754808.4
754826.7
736685.6
738879.2
740143.3
751031.7
750410.7
751697.8
753234.6
753337.8
753361.5
750956.8
753157.1
752700.7
753477.3
753428.9
753352.3
752783.3
753276.3
753592.5
747851.6
749494.3
749677.3
750712
752293.9
751652.3
755327.5
755485.6
755573.8
755490.4
755442.6
755463.1
749061.2
746961.9
746602.6
725856.1
726366.8
728737.4
752552.5
752847.6
747876.3
755044.7
755057.1
755027.5
735440.8
734297.3
736720.2
753429.8
753553.3
753478.3
748900.9
747960.7
747102
752733.8
753002.7
753191.8
757824.5
758449.9
758201.2
740614.9
741979.6
740070.5
747995.8
749206
750156
755539.8
755484.4
755502.4
754154.6
754129.3
754118
755451.4
755479.4
755740.3
754143
754177.1
754154.1
755458.4
755925.4
756166.2
749725.4
750734
749734.6
736348.6
737418.4
734996.1
735776.9
737987.5
738326
743921
742101.2
741063.3
737018.7
736742.4
737373.1
762415
760383.7
760158.7
751633.9
751157.8
750317.8
752304.9
751909.4
752706.7
746796.3
745440.9
744512.6
753441.5
753487.6
753358.3
754510.7
754447.5
754371.9
729338.9
727661.5
730733.3
759132.3
759887.3
759522.6
741133
745910.8
736136.5
753258.2
744523.3
753528
754633.4
754567.2
754601.7
752217.3
741592.3
752341.6
733836.6
729533.5
730285.7
760746.4
760826.6
759697.9
735258.2
732485
731134.9
762014.2
761693.2
762260.7
755424.9
755366.7
755372.6
755687.5
755674.9
755732.1
755357.3
755410.6
755393.9
734715.7
735642.2
733062.2
753274.1
753608.8
753448
739984.5
741703.9
740579
755297.9
755251.6
755257.3
752488.2
752252
751324.9
753683
753797.3
753702.6
753704.6
753778.3
753458.7
753698.6
753767
753722.8
725384.4
724964.3
725153.8
755957.2
755997.5
756214.8
732031
747710.4
737889.7
747085.1
746156.3
746024.1
734790.3
730068.4
730819.3
753510.3
753555.2
753620.8
755900.4
755891
755872
741135.6
742121.1
739886.4
742515
743394.8
741797.3
724289.2
724416.8
724789.1
746925
746742.6
746676
717088.9
720675
715668.3
754831
754780.6
754726.6
751673.9
751874.8
751638.7
729043.2
729915.9
730902
753002.8
752687.8
752876.6
743995.3
744516.5
743990.6
744638.3
744664.2
744056.6
725361.6
725939.5
725303.4
725244.3
729065.4
726189.5
746717.4
745901.7
744919.3
754724.6
754778.4
754755.8
747552.5
747335.4
747002.3
726053.1
721649.8
722004.2
753616.2
753181.2
753116.4
754994.4
754970.7
755005.5
732727.3
729633.4
730004.4
760508.7
759434
758627.6
751190.6
751416.8
751190
755179.8
755195.1
755146.4
737668.1
735309.4
735645.5
755130.8
755071.5
755199.9
741461.7
739690.4
739792.6
753747.7
753614.7
753580
755096.3
755051.3
755126.6
747015.3
747052.7
747237.9
755602.1
755641.8
755624.4
747434.9
746483.4
746338.7
755679.4
755713.4
755699.3
759338.3
758006.6
756076
744761.6
744543.7
744191.4
753234
753325.1
753261.1
746923.5
746809
746249.3
748078.6
747046.3
746767.2
738700.5
728182.7
729814.5
753016.5
752833.9
752553
754791.7
754801.6
755043.2
747733.4
750235.1
747071.4
755357.7
755313.6
755330.8
754043
754101.2
754161.4
754403.2
754433.5
754578.3
744055.9
745075.9
741244.4
754666.1
754702.2
754816.5
753859.3
753794.2
753713.9
755373.7
755502.1
755745
746267.6
747587.9
747668.2
755635.6
755982
756316.8
731820.5
731274.5
743152.1
743630.3
744018.2
744056.4
745732.3
750012
752848.8
756337.7
756713.6
757110
752882.7
753212.8
753520.8
753756.9
753867.8
753798.2
753832.3
753824
753703.4
753389.7
753673.9
753754.7
753551.2
753634.7
753641.9
753463.5
753533.9
753594.8
743603.5
742700.3
744196.8
744097.7
741972
742570.7
753263.7
753138.9
753200.6
744662.4
745864.8
748034.3
751269.9
752215.7
751709.7
753334.2
753481.4
753519.4
737634.2
744636.8
742159.4
754804.9
754754.8
754789.9
736891.6
740267.1
742675.7
747162.1
746287.5
747592.7
743793.5
745328.9
747404.3
754429.5
754328.2
754375.9
755799.3
755817.5
755881.3
754599.7
754556.4
754670.5
754057.2
754225.7
753864.8
726993.7
727257.6
728229.6
758546.9
757680.3
757510.3
756428
754768.9
755560.8
736416.5
733071.6
733049.1
753235.8
753144.1
752903.2
755671.2
752256.9
755071.1
726159
726060.3
724979.3
748261.7
751536.8
752493.9
725320.8
728904.7
731526.6
733010.9
732314.3
736435.7
740972.2
745754.6
733331.9
755941.8
755883.7
755889.1
755460.7
755282.9
755387.5
726883.5
726564.8
730289.6
756163.1
756393.1
756496.4
755515.5
755514.4
755590.2
747450.5
746520.7
746484.7
752140.8
755732.2
750833.7
754432.2
754478.4
754535.7
744827
745765
744067.8
755663
755661.4
755738.1
750794.2
752969.8
748400
725512.1
725660.9
725892
712331.9
716662.9
718720.2
748196.6
746083.2
745080.6
745342.3
750107.3
739835.3
746600.7
746505.7
747372.2
745395.6
745872
744725.3
753125.4
753297.2
753836.9
748775.8
750094.7
750831.5
750297.1
751218.8
751497.5
748948.2
748233.9
748284.8
754389.1
754360.5
754279.6
753758.8
753907.9
753721.9
753169.5
753140.9
752567
755046.9
755168.3
755353.7
755838.5
755850.3
755984.8
748553
749008.6
746975.9
732704.8
726885.3
727306.4
745057.9
740569.6
739504.6
750824.5
749851.1
748542.8
754111.5
754108.6
754119.5
755649.9
755290
755117
744586.5
746209.4
739540.3
755422.8
755469.3
755448.7
749171
741978.9
751481.6
723858.3
724514.6
724952.7
750688.4
752459.4
752860.9
753323.3
753438.9
753442.2
753628.3
753075.3
749365.4
738908.6
749006.5
749678.9
755660.1
756288.8
755992.2
754153.9
754204.9
754157.8
753271.5
752615.6
753320.4
754997.4
754995.1
754619.7
744213.2
744196
749517.8
747570.9
747774
742469
744741.9
740937.3
741347.3
730566.4
732644.9
729688.4
746251.4
745461.5
746502.7
753880.1
754139.5
753891.5
754567.6
754516.5
754574.3
753803.3
753873
753834.7
755160.9
755557.5
757250.3
754189
754393.5
754400.4
756086.8
756209.6
756074.2
753819.1
753996.1
754050.9
753192.4
742313.3
745877.8
745640
740688.3
742747.4
753375.9
752449.8
752775.1
703281.9
709238
709746.5
755299
755447.8
755728.2
743786.1
742318
740682.3
747756.1
748480.8
748229.3
748764.6
748470.3
743364.6
754379.9
754428.4
754392.2
747563.3
744542.7
743437.5
730204.5
733844.1
729959.4
743739.8
749950.3
746545.7
754986.2
755007.9
755051.4
755743.2
755767.7
755755.9
752260.8
742841.4
753000.7
745697.4
739795.5
748872.5
753719.4
753736.7
753797.8
754968.3
754978.8
754963.5
756577.6
755829.4
755726.1
752417.6
742521.6
753209.5
757702.7
757089.3
757114.8
715011.2
709358.5
706382.9
749136.2
743887.1
744798.6
741616.7
747663
743925.2
752616.4
752999.5
753171.3
754185.7
754262.3
754237.1
753437.4
753503.5
753446.3
723481.9
723762.4
716500.2
747179.8
746097.5
751272.7
752376.6
746603.7
752335.8
752455.4
746808.3
750634.9
751699.4
751326.4
748206.6
749414.4
746510.7
746291.6
752376.9
752679.5
747366.9
751751.3
747216.7
748573.1
751290.4
748064.5
747350.8
752064.1
747546
750944.3
749223.5
746761.3
744408.5
751680.6
745060.5
746117.4
755167.6
755159.8
755205.6
753927.6
754081.1
754096
752478.2
753159.2
754247.8
755375.8
755374.1
755442.8
754542.3
754621
754782.9
754156.1
754219
754213.7
754927.6
754851.4
754617.7
754397.9
754359.2
754301.3
754239.6
754366.2
754301
741840.7
750766.1
746771.4
749510.8
752313.1
748822.7
749080.7
747219.7
746368.8
748138.1
742871.4
748976.4
755816.2
755795.7
755761.9
723986.7
723215.3
722872.9
742986.6
750002.8
747079.4
724657
724975.3
725451.6
753980.5
754025.3
754029.4
753934
753873.8
753865.2
747050.3
747165.8
749311.5
720780.2
724364.8
726332.8
740809.1
744513
741929.1
757509.7
757050.7
757373.1
756155
756830.6
755382.5
755192.5
755156.9
755164.8
754324.6
754370.2
754126.2
753718.5
753941
753892
754008.4
754933.9
755041.1
754904.6
754937
754963.1
745130.6
740185.7
735086
754925.6
754991.9
754120.1
753547.3
753573.1
753668
751704.3
751024.7
751373.5
753922.6
753978.5
753239.1
729324.6
729274.7
726814.4
697093.3
609952.1
608278.4
755798.4
755799.8
755802.3
751046.1
730960.3
739953.9
751045.8
751408.9
751821.2
754875.2
754907.1
754884.9
746653
745497
747408.8
753196.3
752893.5
752073.8
753632.6
753642.1
753550.1
754828.7
754871
754905
754269.1
754128.4
754373.3
755811.7
755818.7
755848.5
748981.9
730144.8
736810.7
753026.2
753272.5
748337.9
723922.8
723638.4
723567.1
752455.8
752120
751990.6
757404.3
757987.4
756176.8
723652.3
722977.7
723292.4
756497.3
756916.3
756642.8
750705.2
745862.7
752367.3
731063.4
731839.4
745289.2
753662.2
753689.2
753601.3
753720.9
753755.2
753676.1
754075.5
754110.6
753886
753861.4
753866.8
753799.3
753964.6
754038
754111.4
753972.7
753913.6
753888.6
751568
753247.2
753531.6
748749.7
746308
750067.3
746999.9
745262.5
746529.8
747758.7
748044.1
743526.1
753979.7
754037.6
754025.8
755812
756693.2
753667.7
753317.8
753454.4
753434.4
753000.7
753269.5
753034.9
754988.4
755011.6
755018.3
753114.6
753148.3
752844.3
753796.5
753830
753750.6
754401.5
754250.3
754249.8
744185.6
740971.6
744413.6
751714.8
749835.3
752010.3
751383.1
753556.4
753435.2
755133.2
755100.6
755097.6
748985.7
749667.1
748881.2
734671.7
734828.1
732760.2
747206.1
748598.1
742188.9
757648.9
756508.5
757442.5
726014.2
729000.6
727264.8
754275.7
754166.6
754171.4
723171.3
723311.1
723057.6
755558.6
755600.2
755579.8
748411.3
748661.7
750818.2
742803.2
742265.7
747970.6
756015.3
756000.9
755839
754097.1
754052.4
754090.7
755099.5
755130.6
755124.2
754847.7
754773.2
754806.9
729273.2
728083.7
728962.5
743634.7
741272.9
740642.4
754135.1
754077.7
753945.4
754553.3
754458.2
754502.6
754337.3
754057
754222.9
752733.6
752525.8
743207.1
752782.3
752623.7
754463.7
757555.8
745387
753450.1
744593
750925.7
750277
753559.3
753608.8
753473.3
747134.6
753311
750402.7
755515.1
755559.7
755539.3
754033
754108.1
754093.6
756565.1
756605.8
756248.9
752715.8
752919.5
751885.7
743643.7
751125.7
753299.6
754669.8
754745.9
754849.9
754980
754867.4
754949.3
753335.7
756723.9
753967.1
738453.6
740276.3
742000.8
753878.3
753931.2
753927.1
752071.9
749163.5
752083.2
729170.2
726050
725210.1
747827.8
749632.3
748961.8
725821.9
725947.2
725670.9
754725.6
754569.3
754595.3
747291.5
747922.2
745613.8
722487.3
718685.6
716517.6
753814.2
754022.5
753822.1
756245.9
756523.9
756380.9
755127.6
755090.5
755079.4
755143.7
754901.4
754978.4
723901.6
725378.8
723491.4
753253
753426.8
753455.1
755044.7
755071.1
755067.3
725907.4
726695.5
726981.6
742948.1
743669.8
745630.5
755646.5
755622
755584.3
755656.7
755633.4
755732
751230.4
751088.3
751327.7
755259.3
755257
755313.4
725644.9
728029.4
726708.2
754170.7
755068.4
755047.2
750936.4
751402.7
749625.6
756928.2
757379.6
758432.2
753833.3
753889.7
753844.7
755864.9
755840.7
755822.2
743170.2
743475.6
742613.8
748015.8
747889.3
751346.8
748952.2
745115
747528
744631.8
752573.2
745414
754918.1
754996.5
754867.6
754841
754863.8
754781.8
750589.7
745730
750773
747846.9
747830.4
744682.8
752740.2
753410.6
751045.7
754440.4
754441.8
754545.3
755390.2
756446.6
756122.8
754934.2
754913
754933.3
737531.9
737998.9
733489.9
754227.9
754296
754257.2
754411.6
754377
754408.1
755240.6
755260.4
755142
754322.8
754337.1
754279.9
751979.4
750114.3
744822.4
747990.1
752502.9
751401.2
753680.9
753978.9
754945.2
724589.5
724784.2
724139.4
755001.9
755021.8
755021.3
747186.7
747603.9
749232.8
733987.6
736760
738530.6
743681.5
752275.4
743395.2
743953.8
745011.7
743626.2
753855.1
753913
753949.2
727684.3
727165.5
730950.5
750512
750234.1
750647.3
754842.8
754811.9
754894.6
739167.1
737229.6
736246.7
751406.4
752880.3
748462.1
755025.4
754934.8
754900.7
744571
751605.5
740775.1
726135.7
726074.8
725732.2
745245.2
745503.6
743122.7
746431.4
751847.9
752903.7
734793.2
731712
729517
685052.5
688171.3
708498.1
755782.3
755791.1
755788.1
737110.8
747466.8
742632.8
759456.3
761074.1
759167
726910.6
725763.1
729082.4
754943.7
754914.9
754955.1
739654.6
746189.3
738223
754332.4
754305.2
754261.5
740129.3
747914.7
750295.6
754621.3
754773.1
754691
743586.5
744320.8
748638.5
745072.3
752709.3
751553
731288.2
728743.5
730214.2
754659
754523.8
754546.5
753836.8
753718.8
753666.5
743830.3
739008.4
744578.8
747149.5
745419.5
746989.2
749415.7
750421
747411.9
717360.4
705340.7
699960.2
753125.6
753214.3
751683.5
755371
755372.5
755436.6
751590.7
753172.9
752944.8
753770.2
753745.3
753819.1
753796.4
753883.4
753939.9
753230.4
753182.9
752323.7
754063.3
754002.3
754031.7
754932.1
754881
754860.1
726503.6
726789
726506.5
733279.2
737757
738950.4
740898.7
739516.7
741859.7
755814.3
755823.1
755812.2
755802.6
755819.8
755804.9
721827
723384.8
719207.8
750608.8
750828.6
752472.8
753794.8
753802.8
753727.4
742572.6
743084.3
745651.3
725002.8
726212.5
726756.1
754487.9
754455
754405.4
744453
744191.4
744219.4
729417
750577.4
739180.7
747650.2
745880.6
745649.6
752957.8
744501.8
751401.4
754185.7
754275.1
754180.7
727312.5
732471.6
726074.7
753555
753297.1
753172.2
752781.2
752658.4
752857.4
750135.7
753514.8
751910.7
754970.2
754984.7
754986.5
755694.2
755659
755677.1
754237.4
754333.4
754309.7
752844.8
752750.3
752988.5
753041.9
752852.2
752971
705007.9
699878.2
717344.5
755799.9
755795
755803.3
755639.7
755676.4
755659.3
755711.6
755743.4
755728.2
750995.5
744371.3
743241.3
752044.4
751977.6
748170.7
760423.8
758215.2
757386.4
749480.2
751637
752120.6
755507.6
755495.7
755555.9
753946.5
754006
754051.2
754061.4
754020.3
753997.5
754987.3
755138.3
755223.8
754353.4
754471
754389
745106.4
752078.3
750520.4
750828.9
750594.2
751479.5
758280.5
758164.2
756141
746002.8
741464
741879.7
755835.3
756130.5
755931.3
742204.8
744611.3
744569.4
728609.6
726888.3
726145.7
754111.2
754030.1
753998.1
749588.5
750132.7
749241.7
744455.8
748636.1
749563
753530.2
753642.8
753652.5
754241
754280
754246
755868.2
756825.8
756687.5
726255.5
730272
730856.6
755780.2
755756.8
755771.2
755744.8
755776.8
755760.3
732550.7
730965.5
725569.7
753612.1
753990.2
755392.3
753937.6
754039.8
753998.1
754093.4
754140.8
754243.7
752396.1
753161.8
752761.7
741892.6
743212.7
750992.2
755003.3
754968.2
755059.4
735204.2
726422.8
731988
726719.6
726168.1
724787.3
751264.4
750988
750911.4
751532
750017.9
752310.4
748031.1
748916.6
748604.3
755419.9
755509.6
755454.2
754954.9
754960.6
754963.1
754168.3
754229.6
754206.1
741598.2
744081.2
744545.7
750569.5
745107.5
745573.5
754937.9
754951.5
754945.9
736943.5
739175.5
739308
754149.9
754124.4
754158.6
751754
751356.7
750867.8
755107.7
755212.2
755123.5
751902.6
752319.6
749140.5
743603.1
741958.2
742013.9
748736.4
748858.8
748483
749384.2
749290.1
750226.8
755895.2
756732.6
756822.8
751692.8
745679.5
747215.9
749249.2
748752.6
744582.9
739027
738673.2
740825.5
754340.1
754296.6
754322.4
754948.8
754950.6
754948.2
756073.1
755625.2
756502.4
)
;
    }
    uWall
    {
        type            fixedFluxPressure;
        gradient        uniform 0;
        value           nonuniform List<scalar> 
96
(
754190.2
756051.4
757277.8
754918
760684
754854.1
757824.5
754154.6
755740.3
754143
759132.3
754633.4
762919.8
754697
754481.6
754123.7
754227.9
754478.8
755052.5
754279.9
759167
754621.3
754943.4
757294.8
754228.6
754228.6
754190.1
756052.7
756399.5
756398.3
756799.1
756800.3
757278.9
754918
754892.1
754892.1
760684.4
761494.9
761494.7
754854.1
754808.4
754808.4
757825.5
758450.8
758449.9
754154.5
754129.2
754129.3
755479.4
755480.7
755741.7
754142.8
754177
754177.1
759133
759887.8
759887.3
754633.4
754567.2
754567.2
762260.7
762260.9
762920.4
754755.8
754755.8
754697
754375.9
754376
754482
754119.5
754119.4
754123.6
754227.9
754296
754296
754478.8
754411.6
754411.6
755054.2
755242.1
755240.6
754337.1
754337
754279.9
761074.1
761074.5
759167.1
754622
754774.2
754773.1
754948.2
754948.2
754943.4
757294.9
756073.1
756073.1
)
;
    }
    outlet
    {
        type            prghTotalPressure;
        U               U.gas;
        p0              uniform 600000;
        value           nonuniform List<scalar> 
64
(
726303.8
711588.8
701778.8
704231.2
721398.8
689516.2
741003.8
714041.2
745449
749316.8
736113.8
728756.2
696873.8
752671.6
755414.2
757152.1
726303.8
723851.2
723851.2
711588.8
709136.2
709136.2
701778.8
699326.2
699326.2
706683.8
706683.8
704231.2
721398.8
718946.2
718946.2
691968.8
691968.8
689516.2
741017.8
738566.2
738566.2
716493.8
716493.8
714041.2
745407.9
743265.2
743290.8
749239
747593.4
747502.7
736113.8
733661.2
733661.2
731208.8
731208.8
728756.2
696873.8
694421.2
694421.2
752671.4
751006.8
751008.6
755414.1
754187
754187.3
757152.1
756579.1
756579.2
)
;
    }
    chamberWall
    {
        type            fixedFluxPressure;
        gradient        uniform 0;
        value           nonuniform List<scalar> 
96
(
726360.1
733071.9
737885.2
741451.8
736166.5
738313.5
747448.7
748973.2
745117.1
751252.9
750914.2
752375.4
751704.4
747733.4
752379.8
752078
750684.1
751726.2
750283.3
752593.8
676874.4
750067.3
750647.3
702539.6
722004.2
722381.4
726468.4
730004.4
728735.5
731010.1
735645.5
734340.3
736506.9
739792.6
738333.1
739340
743152.1
740331.8
738710.7
733049.1
741024.2
735556.6
746484.7
746356.2
747311.8
748284.8
748078.1
749033.3
749678.9
743561.4
740350.3
751298.6
749450.8
747179.8
751351.7
750024.4
752376.6
752943.4
752310.5
752455.4
750784
752001
751699.4
751227.2
750321.2
749414.4
751467.5
752915.5
752376.9
752615.8
752219
751751.3
750932.4
751143
751290.4
752298.3
752573.2
752064.1
751334.6
749280.3
749223.5
753079.5
752260
751680.6
608278.4
608408.5
701233.6
746308
749243.8
747501.9
750234.1
750469.6
750286.9
699960.2
711377.5
717608
)
;
    }
    inlet
    {
        type            fixedFluxPressure;
        gradient        uniform 0;
        value           nonuniform List<scalar> 
64
(
755230.7
755582.7
755663.6
755357.7
755402.8
755730.6
755192.5
755799.3
755094.3
755494.2
755042.8
755002.5
755773.7
754973.2
754955.6
754948.2
755271.4
755271.4
755230.8
755624.4
755625
755583.2
755699.3
755700.3
755664.4
755357.8
755313.7
755313.6
755448.7
755448.9
755402.9
755755.9
755757.5
755731.9
755192.6
755156.9
755156.9
755802.3
755803.6
755802.2
755124.2
755124.2
755094.3
755539.3
755539.6
755494.5
755067.3
755067.3
755042.8
755021.3
755021.3
755002.5
755788.1
755790.3
755775.6
754986.5
754986.5
754973.2
754963.1
754963.1
754955.6
754950.6
754950.6
754948.2
)
;
    }
    fuWall
    {
        type            fixedFluxPressure;
        gradient        uniform 0;
        value           nonuniform List<scalar> 
2480
(
754190.1
754930.6
736683.9
755977.4
736963.7
756929.6
754017.9
740092.9
727900.3
753752.5
754326.6
725253.3
755049.7
752750.9
750881.3
716821
732880.5
754066.5
754639
744869
738636.5
753996.6
755066.1
753915.3
733312.6
755707.9
751335.8
757278.9
728765.6
749892.4
744914.3
750002.4
738907.3
749064.3
752044.1
755212.2
758675.9
753113.3
752846.5
753977.4
754634.8
754450
754104.1
752360.3
748630.6
752807.4
755307
737691.3
755210.9
753482.4
751989.1
751527.6
726461.9
754471.4
754629.9
728421.3
754670.3
746677.8
755230.8
754166.9
755220.8
758966.5
755000.1
754920.8
729077
751048.7
747376.2
757511.5
723206
759046.7
755190.6
733393.3
747945.2
753660.7
752475.3
752408.9
760260.1
755081.2
753286.5
737688.7
754063.2
755909.6
753179.6
754866.8
737797.1
752821.7
750347.1
753540.4
752273.6
752184.5
746421.1
748502.7
755417.5
755513.4
748869.1
726829.2
751499.3
755013.4
737885.9
753229.4
747999.6
752938.8
757637.9
737825.7
749188.2
755573.4
754142.2
755695.4
754127.3
755611.8
748765.9
733720.9
736339.4
742969.9
740059
761649
751075.4
753225.3
745966.4
753253.2
754437.8
732206.4
758827.8
744846.6
750855.2
754664.4
752206.1
733241
759700.1
734070.9
762920.4
755435.5
755728.1
755345.7
732174.5
751041.6
740499.6
755306.4
752835.4
753680.8
753709.3
753632.2
725537.9
756201.2
733819.5
746987.7
736623.7
753367.2
755919.8
738889.5
741074.8
724138.2
746829.3
714953.7
754791.4
743402.6
728460.4
753090.3
743184.4
743920.7
725508
724983
746191.8
754697
747213
726468.4
753413.4
755027.4
731010.1
759441.5
750771.4
755126.7
736506.9
755279.9
739340
753674.4
755156.2
747135.7
755583.2
747235
755664.4
754596.3
744090.4
749196.4
746457.8
747190.1
735422.5
751665.4
755096.2
746531.8
755376.6
754109.2
754540.6
742765.5
754817.1
753730.8
755499.8
745845.8
755970.6
738710.7
743486.8
746915.3
756663.2
753717.1
753421.1
753195.3
753746.9
753628.1
753532.3
745106
742513.6
753270.3
744174.5
750696.7
753420.4
745052.9
754835.4
737796.3
748480.8
747142.6
754482
755850.9
754691.2
753614.7
729640.6
758264.1
757466.3
735556.6
753204
755818
725586.4
750159.2
727527.1
733040.6
745960.7
755981.3
755607.1
726491.4
755698.3
755595.9
747311.8
751831.2
754493.4
743106.9
755738.2
750444.9
726525
714373
746800.1
740558.8
747379.7
737403.4
753567
750775.3
750962.2
749033.3
754301.1
753560.3
753003.5
755209
755944
748802.3
728057.6
746079.4
750188.8
754123.6
755407.3
747267.8
755402.9
751481.6
727030
752204.7
753324.4
749941.7
740350.3
755660.3
754113.1
753397.7
754493.9
743881.2
742592.7
745818.3
731280.8
746923.8
753671.5
754626.7
753795.7
756403.2
754220.2
755996.7
753877.1
755804
747838.4
753503.6
704836.6
755534.3
745309.7
747946.2
743806.2
754348.8
749876.8
728640.9
745721.1
755015.6
755731.9
753272.1
747884.7
753789
754951.8
756386.9
745000.8
757992
713154.4
749244.1
740420.1
753088.2
754169.1
753337.5
714934.8
751298.6
751351.7
752943.4
750784
751227.2
751467.5
752615.8
750932.4
752298.3
751334.6
753079.5
755211.2
753957.6
753622.2
755443.1
754707
754159.2
754642.5
754331.6
754209
751223.1
749864.2
748769.2
748940.3
755783.1
724084.8
752868.3
725677.9
753985.3
753924.7
749127.2
722935.4
745082.6
757885.2
755012.2
755202.4
754001.6
753646.9
753811.4
754933.8
734588.6
754067.4
753638.4
751548.4
753851.2
727700.9
701233.6
755802.2
746647.3
752445.4
754848.6
746927.5
753220.2
753535
754869.2
754604.9
755911.2
734206.3
750965.8
724219.8
752424.5
755807.6
723871.7
756278.2
751594.2
731466.3
753573.4
753644.3
754004.2
753806.6
754019.2
753946.5
740814.8
748597.3
746759.3
744003.6
753973.6
754547.7
753271.6
753246.5
754997.3
753044.2
753724.7
754407.3
749986.9
752971.9
753262.9
755132.7
748058
728153.4
741459
757256.2
726867.4
754298.8
722929.2
755536.5
752524
748194.8
755827.7
754122.8
755094.3
754906.5
728303.7
742927.4
754001.1
754613
754493.7
743233.6
754316.1
759646.8
744563.2
753421.9
745879
755494.5
754004.1
756206.7
752641.2
743786.5
754742.1
755087.5
748788.3
740639.1
753869.5
752450.2
727463
737253.4
725881.7
754788.5
736813.7
720561.7
753271.4
756189.6
755118
755234.2
724188.2
753304.4
755042.8
728826.5
745144.9
755621.3
755746.8
743624.1
755311.7
726167.3
754123.9
748352.6
757796.3
753790.5
755853.9
743085.7
751893.5
752791.3
746498.5
754784.5
754772.9
747946.6
747399
750339.8
754584
755066.3
754952.5
735919.2
754197.1
754478.8
755054.2
754275.9
737900.1
742897.9
754711
723987.2
755002.5
748888.2
736264.3
744388
742172.1
753915.3
730191
750495.7
754929.8
738424.4
743541.8
754976.6
745579.1
726614.5
746503.6
747207.8
733019.6
701037.3
755775.6
738975.5
758008.8
730298.4
754981.2
737977.9
754279.4
738560.6
754564.5
749094.1
747098.2
730775.2
754679.5
753783.8
746938.1
748978.5
746238.3
717608
749184.5
755441.9
743120.5
753843.1
753887.1
752226.7
754099.7
754936.5
727038.3
738054
742981
755813.2
755790.5
717815.9
752225.6
753716.2
746238.4
724373.1
754443.5
743764.6
749610.6
747511.5
742634.1
754095.3
727242.2
753470.1
752483.4
747133.8
754973.2
755712
754192
753148.6
751672.9
714022.1
755809.2
755621.7
755696.7
750619.3
739751.5
758540.2
753436.3
755582.4
753989.3
754039.8
755009.3
754301.2
751284.6
750976.5
756314
743356.4
755638.4
742670.7
731901
754107.8
749230.2
748896.6
753565.1
754202.4
755700.6
725193.3
755796.4
755731
729770.4
754765.2
753947.2
754202.1
751972
751051.7
755093.7
732782.4
726667.7
743551.9
750223.6
746477.2
755381.8
754955.6
754145.6
742017
750412.5
754933
736196.8
754196.3
751544.4
755022.1
751955.8
742030.7
748477.3
750478
755934.9
751691.2
743907.1
748937.7
754365.6
754943.4
757294.9
754228.6
754228.9
754180.9
754391.5
754244.3
754944.8
737916.4
740538.3
739722.1
756298.1
756399.5
756052.7
737952.4
748174.3
742359.8
757373.6
756881.3
756643.7
753965.1
753885.8
753928.7
740730.5
752370.6
751777.9
724402.1
726068.2
729362.9
752138.3
751386.6
753076.9
754555.3
754607.7
754356
725296.5
725468.4
726172.3
754947.5
754829.3
754940.2
753385.7
753550.7
753501.1
752327.8
753950.8
754442.1
723131.5
709944.9
710650.7
732676.5
729745.4
729734.1
754097.1
754119.7
754085.6
754698.1
754735.6
754677.8
745536.3
745184.1
744643.8
747537.3
739649.9
748442
754013.6
754089.3
754079.9
755037.4
755042.9
755070.7
753875
753801.9
753838
727527.7
735241.4
735480.8
755659.1
755510.3
755592.1
743171.8
740291.9
752330.4
756800.3
756675.1
757130.4
728667.6
727395
726674.2
752932.7
752115.3
752168.3
742466.9
742538.9
749952.5
751324.4
749469.5
749844.6
733435.8
730277.2
729726.1
750066.3
748061.1
749939.9
753590.8
753471
752700.4
755170.7
755169.2
755208.7
758733.4
757754.5
757651.6
753176.7
752358.9
753280.9
751623.6
753382.6
753275.4
753983.6
754079.8
754082.2
754905.3
755132.2
754797.5
754325.6
754331.7
754533.4
754074.6
754095.1
754126.6
745374.2
744396
744876.3
754639.2
748772.2
748140.5
750852.8
752442.1
752896.2
755240.9
755251.3
755312.3
737572.7
744783.3
737963.8
755226.7
755299.5
755294.6
754231.6
756061.6
757122.8
752318.6
751331.9
751838.4
751309.6
753523.5
753500.5
724918.4
721115.3
722795.6
754888.5
754776.1
754411.8
754565.8
754525.2
754583.6
729833.9
732480.7
731542.5
754752.3
754721.6
754636.2
747604.3
749759.8
748825.4
755271.4
755286.4
755242.8
753783.9
751400.5
751962.1
755689.9
757140.6
756275.4
759384.9
760251.1
759664.9
754984.4
754957.2
754975
754899.5
754892.1
754918
728387
728276.1
728514.6
749545.1
751397
744844.5
747667.6
747453.3
749941.1
756975.2
757263.3
757899.7
724187.2
724735.3
723671.3
758443.4
757994.4
758481.7
755289.6
755289.4
755163.1
731184.8
733469.5
734735.2
746246.9
744344.7
745578.6
751409.6
752317.7
753070.2
752142.5
752289.5
752637
749368.1
743991.3
746913.7
760990.5
761494.9
760684.4
755041.2
755063.1
755102.7
753283.2
753159.8
753178.9
738431.5
741917.1
742085
754091.3
754088.7
754060.2
755676.5
755765.6
755987.6
752986.2
752891.3
753174.4
754826.7
754808.4
754854.1
739907.7
738893.1
736404.5
751705.8
750419.9
751039.8
753413.5
753297.2
753274.7
753352.4
752512.1
752859.7
753414
753497.4
753546.5
753641.3
753600.9
752539.7
749153.1
750574.9
749577.6
751590.1
751537.4
750767.6
755578.8
755492.2
755331.5
755463.4
755442.9
755490.7
746613.4
746970.1
749069.7
728399
726167.1
726441
747320.6
753238.4
752978.7
755027.5
755057.1
755044.7
735504.9
734044.4
735170
753470
753538.3
753411.3
747131.4
747982.5
748400.8
753213.9
752447.2
752754.2
758202.2
758450.8
757825.5
740121.3
742032
741030
750180.1
749228.3
748003.4
755503.1
755484.9
755540.5
754117.9
754129.2
754154.5
755741.7
755480.7
755453
754154
754177
754142.8
756171.2
755931.4
755464.9
749759.4
750655.3
749417.4
734996.2
737423.1
736353.7
738571.5
738150.1
735862.7
741151
742195.6
743952.3
739217.3
735200.7
735554.2
760159.8
760384.4
762415.8
750338.4
751008.7
751576.9
752734.3
752042.2
752584.7
744568.5
745494.9
746860.5
753340.6
753473
753424.5
754371.6
754447.3
754510.7
730753.5
727680.8
729349.1
759523.2
759887.8
759133
744835.1
745779.3
745723.6
749549.8
745858.9
753156.9
754601.7
754567.2
754633.4
752238.1
744528.2
752008.1
725338.4
722309.5
730624.2
759699.4
760827.5
760747.1
731166.1
732499.4
735283.4
762260.9
761693.5
762014.7
755372.9
755367
755425.2
755735.1
755676.9
755689.5
755394.1
755410.9
755357.5
733108.2
733586
729716.5
753392.5
753112.2
752132.3
738035.6
727928.3
737448.7
755257.4
755251.6
755298
752415.7
751962.9
752885.8
753742.7
753841.4
753624.3
753778.9
753824.5
753757.1
753718.9
753762.9
753693.7
725000.2
724322.4
725279
756275.2
756024.9
755990.9
748747
737244.2
732947.2
746042.1
746158.8
747063.9
738185.4
733389
735579.6
753661.7
753618.6
753557.6
755883.7
755908.9
755921.5
739896.8
742137.8
741014.7
741876.4
743462
742896.4
724808.7
724574.3
724081.9
746495.4
746535.4
746791.8
716206.4
720752.9
719492.2
754726.6
754780.7
754831.1
745267.7
743794.8
743666.5
729944.6
729284.1
728472
752963.1
752812.2
753082
743740.2
744497.6
744007.9
743974
744660.2
744679.7
725420.1
726104.7
727280.5
726032.6
726109.6
725038.4
744926.3
745931.5
746712
754755.8
754778.4
754724.6
746931.9
747295.6
747563.7
722381.4
718002.2
714258.2
753139.1
753375.7
753636.3
755005.5
754970.7
754994.4
728735.5
725289
731739.1
758629.8
759435.7
760510
751029.1
751379.4
748050.3
755146.5
755195.2
755180
734340.3
735254.7
734934.6
755202.4
755073.1
755132
738333.1
727176.4
729174.4
753564.3
753601.3
753737.5
755126.9
755051.5
755096.5
747191.1
746975.7
746933.9
755625
755642.6
755602.7
746294.2
746376.5
747388.5
755700.3
755714.7
755680.4
758267.3
758088.7
759037
744109.9
744373.4
744684.5
753344.2
745139.7
743197.1
746002.8
746434.7
746877.2
746673.9
747131.1
747900
730506.2
730878.1
726927.4
752495.4
752812
752967.6
755049.6
754809.9
754800.4
746979.7
750139.4
747753
755330.9
755313.7
755357.8
754162.9
754101.9
754044.6
754584
754439.7
754412
741259.2
744987.1
743993.5
754822.5
754708.3
754673
753708.1
753790
753855.7
755748.7
755506.1
755378.2
747558.7
747555.8
746108.7
756320.2
755985.6
755641.6
740331.8
730754.3
732463.8
743876.4
743916.5
743522.8
752641
749956
745501.5
757112.8
756716.7
756341.8
753882.8
753875.6
753663.7
753893.4
753919.8
753788
753569.4
753853.7
753868.2
753789.1
753720
753428.1
753651.5
753653.5
753576.4
753608.5
753540
753386.6
744251.9
742753.7
743675.6
746035.6
742225.1
745393.9
753196.3
753284.8
753340.9
744060.6
748666.6
747890.4
751719
752226.4
751284.1
753513.6
753484.4
753388.6
742786.9
752015
740666.2
754789.9
754754.8
754804.9
730125.1
729464.6
734692.7
747654.9
746315
747179.2
747326.1
744592
743237.2
754376
754328.5
754430
755890.3
755823.3
755804.3
754670.8
754556.4
754599.8
753857.6
754224.5
754049.1
728492.3
728357.8
728763.7
757513.7
757683.7
758549
755561
754768.9
756428.2
741024.2
742419.1
745806.9
753085.2
753143
753228
754602.9
753010.1
755688
724308.5
725582.1
727445.5
752533.1
752298.2
749608.2
731525.6
728903.2
725318.3
734734
731694.8
731604.2
745044.9
745339.3
746248.1
755912.8
755905.5
755976.4
755389.4
755285.4
755463.2
727006.1
727296.7
726564.6
756550.4
756416.5
756152.5
755592
755515.6
755516.5
746356.2
746399.2
747252.8
751168.5
755805.8
754944.9
754535.7
754478.3
754432.2
744072.3
745784.1
744850.8
755741.9
755663.9
755665.2
750786.9
753040.1
751312.2
727065.9
726245.4
726182
718714
716855.5
712016.1
745096.8
746095.7
748206.2
740338.4
743996.1
738771.6
747286
746485.8
746571.3
744189.6
735142
732394.3
753846.3
752954.3
753058.5
748518.5
750072.4
749820.3
751515.3
751244.1
750319.2
748078.1
748029.3
740806.1
754280.6
754362.2
754390
753710.3
753899.7
753742.5
752771.5
753124.4
753220
755362.5
755179.2
755053.1
755994
755856.9
755845.1
748408.5
749075.1
749449.9
728393
730853.8
730792.8
738899.8
740008.5
744707.9
748531.1
749842.9
750821.4
754119.4
754108.5
754111.3
755131.4
755300.3
755656.2
746747.9
745931.5
746777.2
755448.9
755469.6
755423
752156
746448
752695.4
725273.4
724439.8
723949.7
752859.8
752587.3
751020.1
753450.8
753425.5
753320.7
749267.6
753163.1
753531.4
743561.4
738220.5
738728.4
756033.1
756381.5
755568.6
754157.6
754204.7
754153.6
753300.2
752646.8
753184.3
754631.5
755013.5
755026.3
743897.8
747247.8
746256.1
742087.7
747363.2
747183.3
741674.6
745746.3
744257.2
730050.2
727967.5
729321
743864.7
745578.9
746298.9
753911
754158.3
753904.7
754574.3
754516.4
754567.6
753870.2
753903.7
753837.7
757265.2
755509.7
754157.8
754399.7
754393
754185.5
756065.6
756226
756099.4
754045.8
753989.5
753809.5
745943.1
747750.9
754796.2
742551.4
742476.5
746571.2
752712.6
752360.6
753334
710862
709764.6
701763.9
755751.5
755478.1
755317.6
743506
736759.7
745568.8
748285.6
748614.5
747912.8
743321.9
748288.2
748779.5
754392.1
754428.3
754379.8
744923.2
744743.6
748823.9
728522.5
730040.1
729817.7
752614.5
752951.8
747273.1
755051.5
755008
754986.3
755757.5
755769.7
755744.8
753155.7
748470.1
753027
743282.3
747376.9
747723.5
753795.4
753733.5
753716.4
754963.5
754978.8
754968.3
755729.8
755836.4
756582.7
747178.1
739718.8
752690.8
757157.5
757099.7
757591.4
707961
709859.7
715042
747929.3
746695.8
749170.4
747777.5
752345.2
742459.8
753120.5
753015.1
752648.8
754236.6
754261.7
754184.8
753408.3
753551.7
752962.4
722191
724691.4
727847.9
748650.7
751641.9
749450.8
744110
747515.2
750024.4
752572.1
744645.4
752310.5
750666.3
753102.9
752001
746521.4
751607.2
750321.2
746558
748911.1
752915.5
749876.9
747893.2
752219
746917.3
744393
751143
751239.4
743540.8
752573.2
744510.5
744300.6
749280.3
745920.5
745512.8
752260
755205.8
755159.9
755167.7
754093
754077.1
753921.7
754255
753167.1
752485.6
755443.7
755374.7
755376.2
754790.4
754629.4
754551.1
754213.3
754218.6
754155.4
754621.4
754857.5
754938.7
754301
754359
754397.7
754300.4
754365.6
754238.4
746346.9
752840.5
743282.7
749241.2
751786.7
751772
747100.6
746744.5
748894.3
742412.5
740581.7
747844.9
755765.4
755800.6
755822.4
723145.4
723500
724391.3
750944.1
743203.4
742382.4
726226.3
725567.3
725150.1
754028.9
754024.7
753979.6
753863.6
753872.4
753932.9
749318
747172.5
747055.8
726331.6
724364.3
720775.4
742146.5
747171.8
741690.9
757374.7
757052.9
757511.6
755386.2
756833.9
756158.9
755164.8
755156.9
755192.6
754121.8
754370.2
754322.1
753755.6
753958.8
753821.8
755089.2
755031.7
754038.4
754963.1
754937.1
754904.6
735895.7
736266.3
737715.1
754105.9
754995.8
754932.3
753663.9
753567.3
753540.4
751290.2
751356.3
751697.6
753410.7
753897.8
753994.8
727937.7
728350.2
728821.5
608408.5
609837.9
705137.5
755803.6
755802.1
755800.7
740872.1
747711.5
743504.7
750739.1
751211
752296.1
754884.9
754907.1
754875.2
747468.6
747457
746719
751741
752841.7
753166.7
753547.7
753639.4
753629.2
754905
754871
754828.7
754390.4
754143.9
754351
755863.7
755838.7
755850.3
730536.2
730932.7
732710.8
747756.6
750691.5
753160.2
723754.1
723708.4
723918.9
752308
752056.3
752386.3
756178.6
757989.2
757406.8
723197.9
723190.4
723551.2
756645.2
756918.1
756499.2
752604.5
742289.9
745702.1
749128.2
750428.3
739689.7
753602.3
753689.6
753660.1
753684.8
753761.9
753723.6
753998.9
754133.6
754132.4
753831.4
753893.8
753880.2
754132.5
754059.5
753999
753887.6
753913
753972.1
753708.3
751235.5
747260.7
747501.9
749243.8
749694.1
744833.6
744787.9
746466.4
743729.7
748220.4
748192.1
754025.1
754036.9
753978.4
752928.3
756705.3
755753
753437.7
753448.3
753306.6
753323.1
753291.6
753296.2
755018.3
755011.6
754988.4
753053.3
753237.1
753136.6
753752.6
753843.1
753801.8
754247.8
754248.9
754401
750261.1
749963
743655.6
752296.4
748322.5
752689.8
753481
753328.9
753617.8
755097.6
755100.6
755133.2
749171.4
749654.4
748836.1
731931.7
737099.1
736059.7
741971.3
748686.6
747149.6
757442.1
756287.7
757565.6
729852.3
736540.5
726221.3
754179.5
754177.7
754285.6
723149.4
723420.5
723307.4
755580.4
755601
755559.2
750888.3
748637.3
748795.4
747820.7
741975.7
748653.4
755845.5
756009.8
756025.3
754090.5
754052.1
754097.1
755124.2
755130.6
755099.5
754808.1
754773.9
754848.6
727397.3
728244.1
727687.8
740653
741281.3
743645
753835
754105
754099.4
754503.9
754460.5
754556.1
754129
753914
754355.9
743530.5
743588.1
748672.8
754464.5
752623.7
752781.4
749433.8
752134
757841.6
741550.5
746146.2
750907.5
753461.6
753600.1
753548.3
749033.7
753428.6
748291.4
755539.6
755560.2
755515.4
754092.3
754106.6
754030.8
756266.9
756630.6
756606.9
751857.9
752897
752329.3
750125.6
742905.4
743296.8
754852.1
754748
754672.4
754952.8
754869.4
754982
753050.9
756713.4
752384.8
741998.1
740276.7
738452.2
753925.7
753929.4
753876.4
751365.7
749125.9
752016.4
725259.3
725764.3
728409
742224.3
743464.4
739661.5
726123.9
726718.5
726654.8
754597.1
754570
754727.2
747823.7
748050.7
748398.4
716547.6
718680.7
722489.3
753584.5
753785.5
753750.1
756393.9
756542.6
756259.4
755079.4
755090.6
755127.6
754984.1
754907.3
755147.5
723651.4
726344.4
724246.3
753446.4
753416.5
753253.1
755067.3
755071.1
755044.7
728184.5
727845.9
727251.7
745601.5
743653.9
742925.1
755585.2
755623.1
755647.9
755736.5
755636.6
755659.7
743530.8
743353
743267.7
755313.7
755257.2
755259.4
726376.7
728727.1
726017.3
755056.7
755077.6
754182.2
749370.5
752635.7
752718.3
758434.8
757383.2
756931.7
753842.6
753887.8
753830.3
755829.1
755850.5
755879.5
742634.7
743431.7
743175
751787.1
751386.4
750552.7
745125.1
745280.4
748390.1
751270.1
748164.4
744518.4
754872.9
755000.2
754920.9
754782.1
754864.2
754841.6
747873.3
750362.7
750459.1
747858.4
748332.6
747850
752406.6
752714.6
753415.9
754548.7
754445.1
754445.1
756127.6
756451.6
755396.5
754933.3
754913
754934.2
731540.6
730567.2
731197.8
754257.2
754296
754227.9
754408.1
754377
754411.6
755143.3
755261.9
755242.1
754279.9
754337
754322.8
749770.8
751667
746756.8
751115.8
752380.9
748216
754954.1
753990.2
753691.4
724549
725070.8
724720.3
755021.3
755021.8
755001.9
749218.6
747565.2
747028.4
738530.8
736760.1
733987.5
742946.2
747773.3
743793
743623.5
745010.3
743954
753947.7
753910.6
753852.5
733268.8
727972.4
729765.6
750286.9
750469.6
750620.7
754895
754812.1
754843
736247.2
737230.6
739172.5
748431.5
752795.2
751254.8
754901.4
754935.3
755026.3
742032.4
752057.2
744188.3
726379.9
727445.5
727208.3
743320.5
743204.2
745628.4
752683.2
745502.7
745749.5
729515.9
731711.7
734793
707993.2
706608.6
684873.3
755790.3
755793.6
755784.7
744874.1
735185.6
736884.8
759167.1
761074.5
759456.7
729105
725823.5
727010.9
754955.1
754915
754943.8
738619.7
748285.3
748808.6
754261.3
754305
754332.2
746954.6
738442.6
738251.6
754692.3
754774.2
754622
748866.9
743993.8
743557.2
741212.2
743356.2
742365.3
728280.2
733744.9
732657
754546.7
754523.7
754659.4
753656.5
753711
753830.9
751988.9
742780.1
740958.8
746987.1
745412
747139.2
747081.2
750779.1
749676.2
711377.5
711595.3
716372.4
747992.9
753361.4
753109
755438.1
755373.6
755371.9
743301.4
743146.4
743379.4
753817.9
753743.7
753769.9
753936.6
753878.9
753791.3
752341
753198.7
753246.3
754030.9
754001.3
754062.8
754860.2
754881.1
754932.2
727546.5
727823.2
727068.7
732003.6
734839.5
734033.7
741861.3
739517.3
740899.2
755823.6
755832.8
755820.8
755810.1
755827.3
755807.4
719435.6
723430.2
722049.7
752472.2
750825.9
750614.6
753725
753800.9
753792.6
744169
742889.9
742534.2
726126
725354.1
724317.3
754405.3
754454.9
754487.9
745940.6
744535.5
744236.8
744820.6
736064.1
732107
745578
745837
747586
742336.6
742437.1
744107.6
754205.9
754304.3
754204
728017
728458.2
734127.5
747532.4
753165.1
753193.5
752678.5
752509.2
750968.6
746451.7
752687.2
750631.5
754986.5
754984.7
754970.2
755678.7
755660.3
755695.9
754314.6
754336.4
754239.8
753045.5
752730.4
752886.5
752701.4
747022.4
752825.7
705201.5
707892.9
713611.2
755807.6
755798.4
755803
755660.3
755677.7
755640.8
755729.8
755745.5
755713.3
750529.7
750871.1
750924
744537.4
740371.6
739964.5
757124.3
757978.3
759394.8
753344.9
751182.9
750275.3
755558.3
755497.6
755509.2
754051.4
754005.7
753946.3
753996.8
754019.8
754061
755228
755141.8
754991.8
754408.7
754483.3
754365.6
747233.1
742685
744035.7
751752
751368.4
750379.2
756141.5
758165
758281.7
741741.6
741606.1
741429
755933.8
756132.4
755837.1
744573.6
744616.9
742208.8
726442.1
732312.3
727229.9
753994.7
754027.7
754109.5
749323.3
749923
750064
747305.9
749029.1
744448.6
753645.2
753634.4
753520.8
754245.9
754279.9
754240.8
756692.5
756831.1
755875.2
727359.1
735216
727453
755773.9
755758.9
755783
755763.2
755780.4
755747.6
726004.8
733003.5
730224.9
755392.3
753990.1
753612.1
754016.2
754057
753977.3
754257.2
754156.8
754110.1
752775.6
753177.6
752413.9
751304.4
750515.3
745454.6
755060.1
754968.7
755003.6
728401.7
732467.2
725952
725908.4
727762
727789.2
746139.3
743342.7
743567.8
749195.4
750004.2
749461.4
748471.9
748905.9
747991.9
755456.1
755512
755422
754963.1
754960.6
754954.9
754206.8
754229.9
754168.5
744552.9
744090.5
741604.2
750066.7
750256.1
748388.9
754945.9
754951.5
754937.9
739310.2
739178
736943.5
754158.4
754124.2
754149.8
750689.3
751336.2
751954.3
755126
755214.1
755109.5
752130.2
745142.4
751721.2
741783.3
743097.6
745469.5
748439.3
748924.6
748859.5
750119.6
749408.1
749455.9
756827.8
756737.6
755902.1
750270.1
751663.5
751971.8
744606.6
749059
749393.1
748177
749621.1
749565.5
754322.3
754296.5
754340
754948.2
754950.6
754948.8
756502.5
755625.2
756073.1
)
;
    }
    fluid_to_solid
    {
        type            fixedFluxPressure;
        gradient        uniform 0;
        value           nonuniform List<scalar> 
176
(
729569.8
729915.9
743028.1
744002.2
725939.5
725244.3
744175.8
738700.5
742752.6
744018.2
745328.9
726993.7
732314.3
726883.5
745342.3
745057.9
742754.7
731009.6
745640
743786.1
743364.6
747563.3
729712.9
745697.4
749735.3
749468.2
748138.1
729324.6
755802.3
755811.7
748981.9
743526.1
732760.2
742188.9
742265.7
728083.7
725907.4
749625.6
742613.8
744320.8
750144.2
730842.7
755806.2
744582.9
728276.1
729793.2
728514.6
729284.1
730902
729944.6
743184.4
743990.6
743740.2
744056.6
743920.7
743974
726104.7
725303.4
725420.1
725574.4
725038.4
724983
744191.4
744090.4
744109.9
739684.4
726927.4
735422.5
742765.5
741244.4
741259.2
743630.3
743916.5
743522.8
744592
743793.5
743237.2
728237
728763.7
729640.6
731694.8
733010.9
731604.2
726269.2
726564.6
726491.4
738771.6
739343.5
740558.8
744707.9
746580.2
746079.4
742469
742592.7
742087.7
729688.4
731280.8
730050.2
746884.9
746571.2
747838.4
744106.9
745568.8
745309.7
743825.4
743321.9
743806.2
748318.6
748823.9
749876.8
729959.4
728640.9
728522.5
746842.7
747723.5
747884.7
749244.1
749136.2
749170.4
748769.2
749080.7
748894.3
748805.2
747844.9
748940.3
728821.5
727655.5
727700.9
755803.6
755799.8
755802.1
755850.3
755818.7
755838.7
732710.8
730144.8
730932.7
743729.7
743928
744003.6
731931.7
730426.1
728153.4
741440.1
741971.3
741459
742803.2
741975.7
748653.4
729273.2
728244.1
727687.8
727251.7
727011.5
728826.5
749370.5
748595.5
748352.6
742634.7
743143.8
743085.7
743993.8
743586.5
743557.2
747411.9
746238.3
747081.2
738950.4
738054
732003.6
755812.2
755813.2
755823.6
744606.6
743987.7
743907.1
)
;
    }
}


// ************************************************************************* //
