/*--------------------------------*- C++ -*----------------------------------*\
| =========                 |                                                 |
| \\      /  F ield         | OpenFOAM: The Open Source CFD Toolbox           |
|  \\    /   O peration     | Version:  1912                                  |
|   \\  /    A nd           | Website:  www.openfoam.com                      |
|    \\/     M anipulation  |                                                 |
\*---------------------------------------------------------------------------*/
FoamFile
{
    version     2.0;
    format      ascii;
    class       labelList;
    note        "nPoints:11691  nCells:7512  nFaces:26572  nInternalFaces:18500";
    location    "1e-06/polyMesh";
    object      neighbour;
}
// * * * * * * * * * * * * * * * * * * * * * * * * * * * * * * * * * * * * * //


18500
(
939
940
942
4327
53
947
948
949
2704
605
954
955
956
4477
960
961
964
1688
250
968
969
970
2727
974
975
977
2606
3809
191
981
983
984
1212
26
989
990
991
4838
52
996
997
998
4078
264
1003
1004
1005
4715
41
1010
1011
1012
3901
595
1017
1018
1019
2062
483
1023
1025
1026
4544
1030
1031
1033
1198
2388
49
1038
1039
1040
3854
558
1045
1046
1047
2097
24
1052
1053
1054
2118
80
1058
1060
1061
1684
216
1066
1067
1068
1817
550
1073
1074
1075
4999
1079
1080
1082
2248
3515
1086
1087
1089
3284
3970
406
1094
1095
1096
4127
528
1101
1102
1103
3642
1108
1109
1110
2146
417
1114
1115
1117
1584
1121
1123
1124
1171
960
1128
1129
1131
32
1136
1137
1138
2160
139
1142
1144
1145
1450
517
1150
1151
1152
3329
1157
1158
1159
1401
3700
1163
1165
1166
2335
1170
1172
1173
1206
1541
124
1177
1179
1180
1451
1184
1186
1187
3249
3781
1191
1192
1194
1835
4195
1198
1199
1201
2395
2416
135
1205
1206
1208
1548
1213
1214
1215
3656
5062
1220
1221
1222
3557
3914
1226
1227
1229
3649
606
1234
1235
1236
1698
271
1240
1242
1243
3593
66
1248
1249
1250
2902
1254
1255
1257
2745
3537
461
1262
1263
1264
3271
1269
1270
1271
2860
5252
176
1275
1276
1278
1429
1283
1284
1285
4603
362
1290
1291
1292
1458
353
1296
1297
1299
1534
1304
1305
1306
2671
1310
1312
1313
3481
1317
1319
1320
2935
4740
510
1324
1326
1327
1626
154
1332
1333
1334
4418
1338
1340
1341
1353
4593
1345
1346
1349
3417
380
1297
1352
1354
1355
410
564
1360
1361
1362
128
1366
1368
1369
1474
97
1373
1374
1376
3445
604
1380
1381
1384
156
800
1387
1388
1391
1205
1394
1396
1397
1647
1401
1402
1404
2475
225
1408
1410
1411
1423
1416
1417
1418
4040
5104
352
1422
1424
1425
1796
593
1429
1431
1432
2151
605
1437
1438
1439
2566
1338
1443
1444
1446
3382
205
1450
1452
1453
1920
138
1457
1459
1460
1646
1121
1394
1464
1465
1467
1471
1472
1475
1793
171
1478
1479
1481
3060
1486
1487
1488
4117
4832
263
376
1492
1493
1495
1500
1501
1502
2797
295
1506
1508
1509
3977
1170
1513
1515
1516
1542
1380
1520
1521
1524
98
1527
1529
1530
1731
1534
1536
1537
2431
3263
88
1541
1543
1544
1549
1548
1549
1551
1968
2360
1555
1557
1558
1969
140
1562
1563
1565
3158
116
253
1569
1570
1572
469
1576
1578
1579
1906
1506
1583
1584
1586
2752
1590
1591
1593
1675
1870
349
1535
1597
1599
1600
462
1605
1606
1607
2244
1611
1613
1614
2500
3439
1618
1619
1621
2109
1625
1627
1628
1660
175
1632
1633
1635
2739
1569
1639
1641
1642
1709
166
1646
1647
1649
1885
1128
1653
1654
1657
113
1660
1661
1663
2402
218
1667
1669
1670
2717
239
458
1674
1676
1677
939
1681
1682
1685
1688
1689
1691
4320
1695
1696
1699
2794
309
1702
1703
1705
2353
254
1709
1710
1712
1752
498
1716
1717
1719
1983
136
1723
1724
1726
1738
1730
1731
1733
1766
150
1661
1737
1738
1740
509
1744
1746
1747
1849
1751
1753
1754
1758
1576
1758
1760
1761
2703
1639
1765
1767
1768
2465
1632
1772
1774
1775
2165
337
1779
1781
1782
3306
1436
1717
1786
1787
1789
1653
1793
1794
1796
1164
1800
1802
1803
2577
1142
1807
1808
1810
1814
1815
1817
2080
442
1079
1821
1822
1824
1723
1828
1830
1831
1877
1836
1837
1838
1852
1528
1716
1842
1844
1845
1471
1849
1850
1852
333
1674
1856
1857
1859
244
1863
1865
1866
3340
137
1871
1872
1873
2272
1625
1737
1877
1878
1880
1884
1886
1887
4082
1891
1892
1894
1989
1348
1898
1900
1901
1905
1906
1908
2102
1912
1914
1915
2375
1919
1921
1922
2941
466
1926
1928
1929
3467
230
1933
1935
1936
2661
201
375
1940
1941
1943
146
1947
1949
1950
2445
179
1955
1956
1957
2055
1494
1961
1962
1964
1913
1968
1970
1971
2367
1942
1975
1977
1978
2584
1527
1982
1984
1985
2640
1989
1991
1992
2403
346
1934
1996
1998
1999
2003
2005
2006
2178
2262
538
2011
2012
2013
3000
2017
2019
2020
4664
1289
1464
2024
2025
2027
691
2031
2032
2035
2038
2040
2041
2823
3074
201
813
2045
2046
2048
885
2046
2052
2053
2056
456
811
2059
2060
2062
896
2066
2067
2069
2241
2048
2073
2075
2076
2347
1520
2080
2081
2084
2087
2089
2090
2179
2234
2094
2095
2097
4607
2101
2102
2104
2927
1478
2108
2110
2111
4516
2094
2115
2116
2119
2122
2123
2125
3599
4194
2025
2129
2130
2132
3473
2136
2137
2139
2172
2115
2143
2144
2146
1583
2150
2152
2153
4005
2143
2157
2158
2161
2164
2165
2167
2969
2171
2173
2174
5090
1954
2178
2180
2181
2227
2185
2186
2188
3963
2193
2194
2195
2216
2185
2199
2200
2203
2206
2207
2209
2976
3936
723
2052
2213
2214
2216
1513
1555
2220
2222
2223
241
2073
2227
2228
2230
340
2004
2234
2236
2237
719
2241
2242
2245
2598
1611
2248
2250
2251
2878
196
1219
2255
2256
2258
439
2228
2262
2264
2265
1345
2269
2270
2272
2276
2277
2279
4824
2283
2284
2286
2298
4929
468
630
2290
2291
2294
334
2297
2298
2300
4922
494
1926
2304
2305
2307
2311
2312
2314
2326
546
2319
2320
2321
2342
266
2325
2326
2328
2354
2157
2332
2333
2335
722
2213
2339
2340
2343
2346
2347
2348
1408
2353
2355
2356
3403
423
2360
2361
2363
2368
387
1912
2367
2368
2370
2374
2375
2377
3431
388
2381
2382
2384
2389
401
2388
2389
2391
2396
386
2395
2396
2398
2438
283
1765
2402
2404
2405
610
2410
2411
2412
3991
2416
2417
2419
2437
2535
261
1570
2423
2424
2426
1667
2430
2432
2433
5076
385
2437
2438
2440
2844
1493
2444
2445
2447
3109
2083
2452
2453
2454
251
1891
2458
2459
2461
1710
2465
2467
2468
394
764
2472
2473
2476
2479
2480
2483
4306
260
1975
2486
2488
2489
1331
1780
2493
2494
2496
355
2500
2501
2503
2886
831
2507
2508
2511
4132
1367
2514
2515
2517
2522
2523
2524
4505
5058
2332
2528
2529
2531
272
2535
2536
2538
3145
1941
2348
2542
2544
2545
2549
2550
2552
2774
245
1240
2556
2558
2559
2563
2564
2566
4474
408
716
2570
2571
2574
267
2459
2577
2578
2580
238
2543
2584
2585
2587
608
1691
2592
2593
2594
889
2598
2599
2601
3488
396
2605
2606
2608
2612
2613
2615
2648
2528
2619
2620
2623
2542
2626
2627
2629
482
1814
2633
2634
2635
1730
2466
2640
2642
2643
2487
2647
2648
2650
2654
2655
2657
2837
2661
2663
2664
2773
3816
2668
2669
2671
4075
422
2641
2676
2677
2678
428
802
2682
2683
2686
2622
2689
2690
2692
1990
2696
2697
2699
1905
2703
2704
2706
3480
1577
2710
2711
2713
530
2717
2718
2720
2619
2724
2725
2727
424
2482
2732
2733
2734
277
2738
2740
2741
3424
1485
1773
2745
2747
2748
336
2752
2753
2755
3005
2759
2761
2762
2962
2710
2767
2768
2769
1961
2773
2775
2776
4404
805
2780
2781
2784
2788
2789
2790
4372
1681
2794
2795
2797
1702
2801
2802
2804
2696
2808
2810
2811
2269
2815
2816
2818
351
2822
2824
2825
2906
378
2829
2830
2832
4733
2836
2837
2839
3984
2843
2845
2846
3718
415
2263
2850
2852
2853
2724
2857
2858
2861
357
2864
2866
2867
2949
531
2871
2873
2874
5013
2501
2878
2880
2881
2885
2887
2888
3004
3438
609
1465
2892
2894
2895
763
2473
2899
2900
2902
310
2906
2908
2909
3336
717
2571
2913
2914
2916
1640
2920
2921
2923
425
1884
2927
2929
2930
543
1779
2934
2935
2937
2382
2941
2943
2944
3655
391
2948
2949
2951
2977
290
2955
2957
2958
3425
2585
2605
2962
2963
2965
2738
2969
2970
2972
345
2685
2976
2977
2979
776
2983
2984
2986
3011
1751
1759
2990
2991
2993
2997
2998
3000
3123
2865
3004
3006
3007
785
3011
3012
3015
3081
407
2087
3018
3019
3021
708
3025
3026
3029
3698
617
2634
3033
3034
3035
874
2983
3039
3040
3042
673
1388
3046
3047
3049
426
3053
3054
3056
3509
532
2171
3060
3061
3063
2199
3067
3068
3070
339
2822
3074
3075
3077
877
2683
3081
3082
3084
540
3088
3090
3091
3466
399
3095
3097
3098
4813
1409
3102
3103
3105
2783
3109
3110
3112
2206
2948
3116
3117
3119
2668
3123
3124
3127
367
803
3130
3131
3133
551
3054
3137
3138
3140
556
2836
3144
3146
3147
433
3151
3153
3154
3305
1030
2381
3158
3160
3161
1828
3165
3167
3168
4509
3172
3173
3176
3221
3179
3180
3183
3200
3186
3187
3190
3207
3193
3194
3197
3214
3172
3200
3201
3203
3179
3207
3208
3210
3186
3214
3215
3217
3221
3222
3224
4411
3193
3228
3229
3231
341
3235
3236
3238
3228
3242
3243
3246
451
2136
3249
3251
3252
402
2970
3256
3257
3259
487
2430
3263
3264
3266
2613
3270
3271
3273
3277
3278
3280
4104
513
3152
3284
3285
3287
2885
3291
3292
3294
3151
3298
3299
3301
578
3305
3307
3308
3753
3312
3314
3315
3397
3319
3320
3322
3844
804
3326
3327
3329
888
2781
3333
3334
3336
467
2486
3340
3342
3343
413
3347
3348
3350
4355
3084
3354
3356
3357
3361
3362
3364
4054
395
3368
3370
3371
3375
3375
3377
3378
4026
4719
1296
3382
3384
3385
2563
3389
3390
3392
3110
3396
3397
3399
1656
3403
3405
3406
3410
3411
3413
4285
3417
3418
3421
3872
3291
3424
3426
3427
589
1919
3431
3433
3434
3438
3440
3441
3676
373
2108
3445
3446
3448
1947
3452
3454
3455
3620
946
3103
3459
3461
3462
372
3466
3468
3469
3719
3473
3475
3476
4222
374
2101
3480
3482
3483
367
803
3487
3488
3491
3494
3495
3496
812
3501
3502
3503
3508
3509
3511
3516
3517
3518
3677
4537
2451
3446
3522
3523
3525
475
2578
3530
3531
3532
2879
3536
3538
3539
4033
2843
3543
3544
3546
3550
3552
3553
4517
2928
3557
3559
3560
813
3564
3565
3567
805
3571
3572
3574
2038
3578
3580
3581
3725
1997
3585
3587
3588
3592
3594
3595
4236
4334
3411
3599
3600
3602
1415
3606
3607
3609
3830
2325
3404
3613
3615
3616
2444
3396
3620
3621
3623
495
3452
3627
3628
3630
3543
3634
3636
3637
3634
3641
3642
3644
548
3648
3650
3651
3655
3657
3658
3746
2374
3432
3662
3664
3665
568
3376
3670
3671
3672
3354
3676
3677
3679
616
3683
3684
3687
431
2039
3690
3691
3693
938
3697
3698
3700
3705
3706
3707
4027
2626
3711
3712
3714
454
3144
3718
3720
3721
400
3075
3725
3726
3728
3733
3734
3735
4365
3312
3739
3741
3742
3641
3746
3747
3749
2955
3753
3754
3756
3760
3762
3763
4257
4873
435
3768
3769
3770
4237
580
1178
3774
3775
3777
3782
3783
3784
3875
2235
3788
3789
3791
759
3795
3796
3798
810
3802
3803
3806
5245
2207
3810
3811
3812
549
3817
3818
3819
4754
2284
3823
3825
3826
5069
3586
3830
3832
3833
560
3838
3839
3840
3966
2003
3844
3846
3847
838
2899
3851
3852
3855
1507
3858
3860
3861
3866
3867
3868
4908
5146
3872
3873
3875
4124
500
3879
3880
3882
4006
777
2913
3886
3887
3890
1982
3893
3895
3896
3648
3900
3901
3903
3908
3909
3910
4547
3914
3916
3917
4083
492
3921
3923
3924
573
1352
3928
3929
3931
464
3935
3936
3938
444
3943
3944
3945
4874
1772
3949
3951
3952
4580
3578
3956
3957
3959
2815
3963
3964
3967
3970
3972
3973
4986
2864
3116
3977
3979
3980
3592
3984
3986
3987
552
3991
3992
3994
4628
477
3998
3999
4001
4243
446
2753
4005
4007
4008
2627
4012
4013
4015
4019
4020
4022
4138
3089
4026
4028
4029
4201
2249
4033
4034
4036
584
1390
4041
4042
4043
3760
4047
4049
4050
1933
4054
4056
4057
4453
3292
4062
4063
4064
967
4047
4068
4069
4071
3389
4075
4076
4079
2361
3900
4082
4084
4085
974
2963
4089
4091
4092
1479
4096
4097
4099
2255
2312
4103
4105
4106
3606
3831
4110
4111
4113
4117
4118
4120
4831
4124
4125
4128
4362
788
4131
4132
4134
4138
4139
4142
4369
1863
4145
4146
4148
2647
2759
4152
4153
4155
2024
2892
4159
4161
4162
1856
4166
4168
4169
2069
4174
4175
4176
613
4181
4182
4183
4349
802
4187
4188
4190
3410
4194
4196
4197
4286
3088
4201
4202
4204
1976
4208
4209
4211
753
4215
4216
4219
1457
4222
4223
4225
503
3196
4229
4231
4232
3138
4236
4238
4239
4796
2297
4243
4245
4246
4923
3879
4251
4252
4253
4440
2129
4159
4257
4258
4260
2808
4265
4266
4267
1562
3159
4271
4273
4274
2283
4278
4279
4281
583
3264
4285
4287
4288
1373
3522
4292
4294
4295
518
4300
4301
4302
4680
1695
4306
4307
4309
4313
4314
4316
4320
4321
4324
4313
4327
4328
4331
545
3137
4334
4335
4337
499
3922
4341
4342
4344
4348
4350
4351
5077
3361
3585
4355
4357
4358
4362
4363
4365
4810
4369
4370
4372
4712
4019
4376
4377
4379
3133
4383
4384
4386
522
4022
4391
4392
4393
4202
4397
4398
4400
1948
4404
4406
4407
3683
4411
4412
4415
532
4418
4420
4421
5091
3893
4425
4426
4428
4432
4434
4435
4797
2150
4439
4440
4442
504
3182
4446
4447
4449
533
4454
4455
4456
4782
3231
4460
4462
4463
3210
4467
4468
4470
4376
4474
4475
4478
2997
4481
4482
4484
3067
4488
4489
4491
3053
3510
4495
4497
4498
4502
4503
4506
1878
4509
4510
4512
3061
4516
4518
4519
4663
514
2986
4523
4524
4526
3298
4530
4531
4533
3014
4538
4539
4540
2479
4544
4545
4547
615
895
4551
4552
4555
3238
4558
4559
4561
3889
4565
4566
4568
3754
4061
4572
4573
4575
2164
3256
4579
4580
4582
3042
4523
4586
4587
4589
4141
4594
4595
4596
784
3851
4600
4601
4603
3496
4607
4608
4611
571
3957
4614
4615
4617
599
1275
4622
4623
4624
557
2220
4628
4629
4631
3635
4635
4636
4638
4579
4643
4644
4645
4985
2990
4649
4650
4652
1086
4656
4658
4659
4663
4664
4666
2601
4671
4672
4673
875
3886
4677
4678
4680
1444
4390
4684
4685
4687
559
920
4691
4692
4694
4694
4699
4700
4701
5034
3126
4706
4707
4708
4712
4713
4716
5055
3544
4719
4720
4722
547
3217
4726
4728
4729
1996
2549
4733
4735
4736
3299
4740
4741
4743
596
3224
4747
4748
4750
4495
4754
4756
4757
4218
4761
4763
4764
3189
4768
4770
4771
3662
4775
4776
4778
4496
4783
4784
4785
3775
4790
4791
4792
3921
4796
4797
4799
2221
4803
4804
4806
4810
4811
4814
5139
1864
4145
4817
4819
4820
3823
4278
4824
4826
4827
3985
4831
4833
4834
1514
4838
4839
4841
4610
4845
4847
4848
3502
4852
4853
4855
2188
4859
4861
4862
585
2202
4866
4867
4869
2130
3474
4873
4875
4876
614
3203
4880
4882
4883
3937
4887
4888
4890
3579
3956
4894
4895
4897
2612
4152
4901
4902
4904
1100
2277
4908
4909
4911
3368
4915
4917
4918
2591
4103
4922
4924
4925
590
4775
4930
4931
4932
3690
4936
4937
4939
607
3028
4944
4945
4946
3600
4950
4951
4953
3245
4558
4957
4959
4960
2311
3613
4964
4965
4967
1443
3383
4971
4973
4974
594
2573
4978
4979
4981
3257
4985
4986
4988
611
3789
4992
4994
4995
4271
4999
5000
5002
1927
2304
5006
5008
5009
3285
4530
5013
5015
5016
4348
5020
5021
5023
3049
5027
5028
5030
3070
5035
5036
5037
3341
4817
5041
5043
5044
3798
4979
5048
5050
5051
5055
5056
5058
5274
2942
5062
5063
5065
3663
5069
5070
5072
2718
4649
5076
5078
5079
3453
3627
5083
5084
5086
4439
5090
5092
5093
2916
5097
5098
5100
4134
5105
5106
5107
4414
5112
5113
5114
3319
3788
5118
5119
5121
612
2293
5126
5127
5128
1430
5132
5134
5135
5139
5140
5142
5267
2276
2731
5146
5147
5149
3894
5153
5154
5156
5174
4258
5111
5160
5162
5163
5167
5168
5170
5266
5175
5176
5177
4309
5181
5182
5184
4554
5188
5190
5191
4323
5196
5197
5198
1122
5202
5203
5205
4804
5210
5211
5212
3018
5216
5218
5219
3805
5224
5225
5226
5020
5231
5232
5233
3175
5237
5239
5240
674
5244
5245
5248
2857
5251
5252
5253
4316
5259
5260
5261
5265
5266
5267
5272
5273
5274
699
5280
5281
5282
6066
5286
5287
5289
6504
650
5294
5295
5296
6262
731
5301
5302
5303
5392
5307
5309
5310
5860
6105
913
5315
5316
5317
6045
786
5321
5322
5324
6416
652
5329
5330
5331
6815
684
755
5335
5336
5338
927
5342
5343
5345
6155
753
5349
5350
5352
790
5357
5358
5359
7009
5363
5364
5366
6679
655
5371
5372
5373
6283
932
5378
5379
5380
6647
852
5384
5385
5387
5660
673
5391
5392
5394
6540
703
5398
5399
5401
5475
847
5405
5407
5408
5826
833
5412
5413
5415
6178
740
5420
5421
5422
6549
5426
5427
5429
6364
661
5434
5435
5436
6801
830
5440
5441
5444
5447
5448
5451
6063
750
5454
5456
5457
5825
5462
5463
5464
6423
6960
702
5469
5470
5471
6024
676
5475
5477
5478
5623
819
5482
5484
5485
5518
5490
5491
5492
6535
823
5496
5498
5499
7508
5504
5505
5506
6297
693
855
5510
5511
5513
691
800
5517
5518
5519
5525
5526
5527
6808
5531
5533
5534
5587
5902
809
5538
5539
5541
5692
725
5545
5546
5548
6050
5552
5554
5555
6112
7232
737
5559
5560
5562
6458
5567
5568
5569
6129
5538
5573
5575
5576
5608
711
5580
5581
5583
6308
692
5587
5588
5590
5595
749
5594
5595
5597
6070
688
5601
5602
5604
6161
824
5608
5609
5611
5693
5615
5617
5618
5622
5811
5622
5624
5625
5678
5867
826
5289
5630
5631
5632
714
5588
5636
5638
5639
5643
5644
5646
5888
6133
5650
5651
5653
898
5657
5658
5660
683
5664
5666
5667
5679
5615
5671
5672
5674
5678
5679
5681
5713
6077
832
5384
5685
5687
5688
772
859
5692
5693
5695
5531
5699
5701
5702
6315
698
5706
5708
5709
6701
793
5644
5713
5715
5716
5714
5720
5721
5723
5727
5728
5730
5755
708
5734
5735
5736
7506
5650
5741
5742
5743
6253
728
5748
5750
5751
5770
5755
5757
5758
6015
5748
5762
5763
5765
6154
743
5769
5770
5772
5791
5776
5777
5779
5783
5785
5786
6071
5790
5791
5793
6231
769
5797
5799
5800
6476
843
5763
5804
5806
5807
767
5811
5812
5814
5868
854
5664
5818
5819
5821
5496
5825
5827
5828
5443
5832
5833
5835
5840
5841
5842
6400
6665
884
5706
5846
5847
5849
5853
5855
5856
6407
5672
5860
5862
5863
866
5867
5868
5870
6078
791
5455
5874
5875
5877
746
5882
5883
5884
6743
757
5728
5888
5890
5891
5895
5896
5898
787
5594
5902
5903
5905
780
5601
5909
5910
5912
5812
5916
5917
5919
818
5923
5925
5926
6182
887
5609
5930
5932
5933
5783
5937
5939
5940
934
5945
5946
5947
6864
759
5951
5952
5954
5952
5958
5959
5962
5965
5966
5969
6385
5972
5973
5976
7162
5979
5980
5983
7141
5986
5987
5990
6007
5993
5994
5996
6000
6000
6001
6003
7134
5979
6007
6008
6010
6014
6016
6017
6742
5426
6021
6022
6025
747
5937
6028
6029
6031
6035
6036
6038
6140
6042
6043
6045
7176
5735
5898
6049
6051
6052
5653
6056
6058
6059
5440
6063
6064
6066
5909
6070
6072
6073
6224
821
5643
6077
6078
6080
5532
6084
6086
6087
6924
792
5366
6092
6093
6094
6098
6100
6101
6619
766
5671
6105
6106
6108
5342
5762
6112
6114
6115
6119
6121
6122
6822
6042
6126
6127
6130
816
5727
6133
6134
6136
5510
6140
6142
6143
5573
5930
6147
6148
6150
5769
6154
6155
6157
6329
6014
6161
6163
6164
5784
6168
6170
6171
6175
6176
6178
6266
6182
6183
6185
6273
5497
6189
6190
6192
851
6196
6198
6199
6462
773
6204
6205
6206
7002
6210
6211
6214
822
6168
6217
6218
6220
5602
6224
6225
6227
862
5699
6231
6233
6234
5335
6238
6239
6241
910
5450
6246
6247
6248
6252
6253
6255
6259
6260
6262
6532
6266
6267
6270
6413
5910
6273
6275
6276
6399
6280
6281
6284
6288
938
6287
6288
6290
6259
6294
6295
6298
5616
6301
6302
6304
6308
6309
6311
7001
5903
6315
6317
6318
6448
5875
6322
6324
6325
925
5790
6329
6331
6332
6336
6337
6340
7253
5519
6343
6344
6346
6309
6350
6351
6353
6357
6358
6360
6784
6364
6365
6368
6525
897
6371
6372
6374
5958
6378
6379
6381
6385
6386
6389
7071
5798
6392
6394
6395
6497
6162
6399
6401
6402
880
6021
6406
6407
6409
6413
6414
6416
6595
860
6420
6421
6423
6427
6428
6431
6805
6434
6435
6438
7078
6441
6443
6444
6598
6183
6448
6449
6451
811
6455
6456
6458
892
6462
6464
6465
6693
6213
6469
6471
6472
6476
6478
6479
6868
6484
6485
6486
6682
5889
6490
6491
6493
882
6498
6499
6500
7214
6504
6505
6508
6511
6357
6511
6512
6514
6203
6519
6520
6521
6904
6525
6526
6528
6644
6532
6533
6536
6798
6539
6540
6542
6336
6546
6547
6550
6553
6554
6555
6560
6561
6562
6567
6568
6569
6574
6575
6576
6581
6582
6583
6588
6589
6590
6595
6596
6599
6658
6344
6602
6603
6605
5658
6609
6610
6612
6616
6617
6619
6623
6624
6625
6630
6631
6632
848
6430
6638
6639
6640
6644
6645
6647
6777
5756
6651
6652
6654
6658
6659
6661
6714
6274
6665
6667
6668
5779
6672
6674
6675
6679
6680
6683
6812
6686
6687
6689
6728
6029
6693
6694
6696
5736
6700
6701
6703
6707
6709
6710
6952
6714
6715
6718
6819
6507
6721
6722
6724
6134
6651
6728
6730
6731
6735
6736
6739
7190
6049
6700
6742
6744
6745
6735
6749
6750
6751
915
6756
6757
6760
6612
6764
6765
6766
6269
6770
6771
6773
6777
6778
6781
6833
6784
6785
6788
7323
929
6792
6793
6794
7227
6126
6798
6799
6801
6280
6805
6806
6808
6294
6812
6813
6815
6546
6819
6820
6822
937
6374
6827
6828
6829
6833
6834
6836
6854
5749
6840
6841
6843
6196
6847
6849
6850
6938
6854
6855
6858
6861
6861
6862
6864
6882
5454
6868
6870
6871
6876
6877
6878
7303
6882
6883
6886
7120
879
6890
6891
6892
7109
6897
6898
6899
7184
6903
6904
6906
7226
903
5954
6910
6911
6913
5629
6917
6918
6920
5700
6924
6925
6927
5720
6490
6931
6933
6934
861
6360
6939
6940
6941
5482
6343
6945
6946
6948
6542
6952
6954
6955
6175
6959
6960
6961
6787
6967
6968
6969
6316
6973
6974
6976
865
6392
6980
6981
6983
6981
6988
6989
6990
6994
6322
6994
6995
6997
6686
7001
7003
7004
5993
6211
7008
7009
7010
904
5961
7015
7017
7018
870
5982
7022
7024
7025
6010
7029
7031
7032
918
6003
7036
7038
7039
5356
5989
7043
7045
7046
5996
7036
7050
7051
7053
6371
7057
7058
7060
6378
7064
7065
7067
6569
7071
7072
7075
6555
7078
7079
7082
6420
7085
7086
7088
5968
7092
7093
7095
7099
7100
7102
5965
7106
7107
7109
5975
7113
7115
7116
7106
7120
7121
7123
5405
7127
7128
7130
6632
7134
7135
7138
6625
7141
7142
7145
6707
7148
7149
7151
6576
7155
7156
7159
6562
7162
7163
7166
5447
7169
7170
7172
6589
7176
7177
7180
6218
7183
7184
7186
5286
7190
7191
7193
5350
6609
7197
7198
7200
898
7204
7205
7208
5972
7211
7212
7214
6434
7218
7219
7220
7225
7226
7228
928
5429
7233
7234
7235
6672
6759
7240
7241
7242
5377
6148
7246
7248
7249
5986
7253
7254
7256
6255
7260
7261
7263
6381
7267
7268
7270
907
7275
7276
7277
7296
7113
7165
7281
7283
7284
7158
7289
7290
7291
6568
7155
7295
7296
7298
6427
6554
7302
7303
7305
7172
7309
7311
7312
5580
6350
7316
7317
7319
5363
7323
7324
7326
7179
7330
7332
7333
5923
6449
7337
7338
7340
6456
7344
7345
7347
935
6857
7351
7353
7354
5686
7316
7359
7360
7361
7137
7366
7367
7368
920
6624
7372
7374
7375
7379
7380
7382
6028
6091
7386
7387
7389
931
6717
7393
7395
7396
6973
7401
7402
7403
7414
5559
7345
7407
7408
7410
6232
7414
7415
7417
6393
7422
7423
7424
7498
6330
7428
7429
7431
6367
7435
7437
7438
6903
7443
7444
7445
6910
7449
7451
7452
7477
6661
7457
7458
7459
6780
7463
7464
7466
6120
6763
7470
7472
7473
6885
7478
7479
7480
6836
7484
7485
7487
5300
7149
7491
7493
7494
7219
7499
7500
7501
7505
7506
7509
941
943
941
944
4329
945
1682
943
944
2871
4330
945
1685
2872
945
2875
4332
1687
2876
947
948
950
1703
951
1310
1704
952
2705
3459
951
952
1313
2708
951
952
1707
3462
1314
1708
2709
3463
954
955
957
4684
4971
958
4478
4686
959
4972
5176
958
959
4479
5177
958
959
4688
4975
4480
4690
4976
5180
962
963
962
966
1690
965
1129
964
965
1131
4965
966
1692
4966
966
1133
4969
1694
4970
968
969
971
1268
972
2689
4069
973
1269
2728
972
973
2692
2729
972
973
1272
4071
2693
4073
1273
2730
976
978
2607
976
979
3117
3810
980
3118
4091
978
979
2610
3813
980
2611
4092
980
3121
3814
3122
4095
982
985
1100
2277
983
986
1102
3747
987
1213
3748
985
987
1216
2279
986
1104
2281
987
1106
3751
1217
3752
989
990
992
4446
4880
993
4448
4840
994
1123
4881
993
994
1124
4842
993
994
4450
4884
4452
4844
1127
4885
996
997
999
1786
1842
1000
1304
1843
1001
1788
4079
1000
1001
1306
4080
1000
1001
1790
1846
1308
1847
1792
4081
1003
1004
1006
2521
3929
1007
2522
4716
1008
2789
3930
1007
1008
2790
4717
1007
1008
2525
3933
2526
4718
2793
3934
1010
1011
1013
2256
3915
1014
3902
3916
1015
1227
2257
1014
1015
1229
3905
1014
1015
2260
3919
3906
3920
1231
2261
1017
1018
1020
3347
4173
1021
2063
4174
1022
3349
5106
1021
1022
2064
5107
1021
1022
3351
4177
2065
4178
3353
5110
1028
1029
4321
4546
1025
1026
1027
3998
5195
1028
4324
5196
1029
4000
4548
1028
1029
4002
5199
4326
5200
4004
4550
1032
1034
2390
1032
1035
1200
4894
1036
3160
4896
1034
1035
1202
2392
1036
2394
3161
1036
1204
4898
3164
4900
1038
1039
1041
1247
3845
1042
1248
3855
1043
1283
3846
1042
1043
1285
3856
1042
1043
1251
3849
1252
3857
1287
3850
1045
1046
1048
1051
3165
1049
3166
4845
1050
1053
2098
1049
1050
2099
4848
1049
1050
1055
3169
3170
4849
1057
2100
1052
1053
1055
1829
1056
1108
1830
1057
2119
1056
1057
1110
2120
1056
1057
1833
1112
1834
2121
1059
1062
1685
2872
1060
1063
2873
3704
1064
1500
3705
1062
1064
1502
1686
1063
1687
2876
1064
2877
3708
1504
3709
1066
1067
1069
1317
2017
1070
1318
1818
1071
2018
2452
1070
1071
1819
2454
1070
1071
1321
2021
1322
1820
2022
2456
1073
1074
1076
4461
4614
1077
4462
4790
1078
4616
5001
1077
1078
4792
5003
1077
1078
4465
4618
4466
4794
4620
5005
1081
1083
2249
1081
1084
3517
4524
1085
1822
4525
1083
1084
2252
3519
1085
1824
2253
1085
3521
4528
1826
4529
1088
1090
3286
1088
1091
3971
4397
1092
4399
4658
1090
1091
3288
3974
1092
3290
4659
1092
3975
4401
4403
4662
1094
1095
1097
1619
3732
1098
3733
4128
1099
1620
3783
1098
1099
3784
4129
1098
1099
1623
3736
3737
4130
1624
3787
1101
1102
1104
1105
4635
4909
1106
3643
1105
1106
3646
4638
1105
1106
4911
4639
4913
3647
1108
1109
1111
1135
1724
1112
1725
1113
1137
2147
1112
1113
2148
1112
1113
1139
1728
1729
1141
2149
1116
1118
3858
4153
1116
1119
1585
5132
1120
4154
5133
1118
1119
1588
3861
1120
3862
4157
1120
1589
5136
4158
5137
1122
1125
1172
1123
1126
1465
1127
5202
1125
1127
1175
1126
1176
1467
1127
1469
5205
5206
1130
1132
1130
1133
1134
1654
1132
1133
3614
1134
1657
3615
1134
3618
1659
3619
1136
1137
1139
1892
1140
1163
1893
1141
2161
1140
1141
1166
2162
1140
1141
1896
1167
1897
2163
1143
1146
1451
1144
1147
1556
1807
1148
1557
1914
1146
1148
1454
1915
1147
1455
1810
1148
1560
1811
1561
1918
1150
1151
1153
2907
3691
1154
2908
3330
1155
3692
4559
1154
1155
3331
4561
1154
1155
2911
3695
2912
3332
3696
4563
1157
1158
1160
4943
5118
1161
3701
4944
1162
1403
5120
1161
1162
1405
3702
1161
1162
4947
5122
3703
4948
1407
5124
1164
1167
2458
1165
1168
2460
1169
1800
2336
1167
1169
2337
1168
2462
1169
1803
2464
1804
2338
1171
1174
1542
1172
1175
1515
1176
1207
1174
1176
1210
1545
1175
1516
1546
1176
1519
1211
1178
1181
1452
1563
1179
1182
1564
1183
1808
3774
1181
1183
1455
1810
1182
1456
1567
1183
1568
3777
1812
3778
1185
1188
1899
3250
1186
1189
1900
3420
1190
3421
3782
1188
1190
3253
3785
1189
1903
3254
1190
1904
3422
3423
3786
1193
1195
1836
2515
1193
1196
4196
5021
1197
2516
5022
1195
1196
1839
4199
1197
1840
2519
1197
4200
5025
2520
5026
1200
1202
2397
1200
1203
2418
3726
1204
3727
1202
1203
2399
2420
1204
2401
1204
2422
3730
3731
1207
1209
1886
1207
1210
1550
1211
1394
1209
1210
1552
1887
1211
1397
1890
1211
1554
1398
1213
1214
1216
3824
1217
3657
1218
3825
5064
1217
1218
3660
5066
1217
1218
3828
3661
3829
5068
1220
1221
1223
2801
1224
2256
3915
1225
2803
3558
1224
1225
3561
3918
1224
1225
2258
2805
2260
3919
2807
3562
1228
1230
3650
4776
1228
1231
3278
1232
3279
4777
1230
1231
3653
1232
3654
4780
1232
3282
3283
4781
1234
1235
1237
1499
4915
1238
1501
1699
1239
4916
5181
1238
1239
1700
5184
1238
1239
1503
4919
1505
1701
4920
5185
1241
1244
2837
1242
1245
2558
5083
1246
3594
5085
1244
1246
2839
3597
1245
2559
2841
1246
2562
5087
3598
5089
1248
1249
1251
3320
1252
2903
1253
1402
3321
1252
1253
1404
2904
1252
1253
3324
2905
1406
3325
1256
1258
2746
3767
1256
1259
3538
4433
1260
3768
4434
1258
1259
2749
3541
1260
2750
3771
1260
3542
4437
3772
4438
1262
1263
1265
1276
2137
1266
1277
3272
1267
2138
4168
1266
1267
3275
4169
1266
1267
1280
2141
1281
3276
2142
4172
1269
1270
1272
3761
1273
2861
1274
3762
5254
1273
1274
2862
5255
1273
1274
3765
2863
3766
5257
1277
1279
1430
1277
1280
2173
1281
4622
1279
1280
1433
2174
1281
1434
4624
1281
2177
4626
1283
1284
1286
2851
4887
1287
2852
1288
4604
4889
1287
1288
4605
1287
1288
2855
4891
2856
4606
4893
1290
1291
1293
1395
1294
2025
3473
1295
1396
1459
1294
1295
1462
3476
1294
1295
1399
2027
2029
3477
1400
1463
1298
1300
1535
1298
1301
3411
1302
1354
3382
1300
1301
1538
3413
1302
1539
3385
1302
1355
3415
1358
3386
1304
1305
1307
1324
4705
1308
1325
1309
2672
4706
1308
1309
2673
1308
1309
1328
4709
1329
2674
4710
1311
1314
2802
1312
1315
2803
3558
1316
3482
3559
1314
1316
3485
1315
2806
1316
2807
3562
3486
3563
1318
1321
2936
1319
1322
2635
1323
2636
4742
1321
1323
2939
4744
1322
2940
1323
2638
2639
4746
1325
1328
4510
1326
1329
1843
1330
1627
1844
1328
1330
1630
4512
1329
4514
1330
1847
1631
1848
1332
1333
1335
2934
1336
2017
2936
1337
2494
4419
1336
1337
2020
4422
1336
1337
2496
2938
2021
2940
2498
4423
1339
1342
1354
1340
1343
1444
4390
1344
4392
4595
1342
1344
1357
4597
1343
1358
1446
1344
1448
4394
4396
4599
1347
1348
1347
1351
3419
1350
2270
1349
1350
2272
1351
1900
3420
1351
1901
2274
1904
3422
1353
1356
3600
1354
1357
3928
1358
1356
1358
3602
1357
3604
3931
1358
3932
1360
1361
1363
2850
4012
1364
2851
4887
1365
3811
4014
1364
1365
3812
4890
1364
1365
2854
4016
2855
4891
3815
4018
1367
1370
1422
1475
1368
1371
1423
1372
1836
2515
1370
1372
1476
1838
1371
1426
1477
1372
1427
2517
1840
2519
1375
1377
3447
1375
1378
1619
3732
1379
3734
4294
1377
1378
1621
3449
1379
3451
4295
1379
1623
3736
3738
4298
1382
1383
1382
1386
5167
1385
1521
1384
1385
1524
4292
1386
4293
5170
1386
1526
4296
4297
5173
1389
1393
2031
6539
1389
1390
6540
1392
3047
6541
1391
1392
3049
1393
2035
4042
1393
3051
4043
2037
4046
1395
1398
1396
1399
1464
1400
1648
1398
1400
1651
1399
1467
1400
1468
1652
1403
1405
2476
1403
1406
5119
1407
5120
1405
1406
2477
1407
2478
1407
5123
5124
1409
1412
1424
1410
1413
2353
1414
2514
3102
1412
1414
1427
2517
1413
1428
2356
1414
2357
3105
2518
3106
1416
1417
1419
3348
1420
3607
4041
1421
3349
5106
1420
1421
4044
5108
1420
1421
3352
3609
3611
4045
3353
5110
1423
1426
1797
1424
1427
1428
3403
1426
1428
1798
3406
1427
1799
1428
3407
1430
1433
5090
1431
1434
1435
2152
5132
1433
1435
2155
5093
1434
5094
1435
5135
2156
5136
1437
1438
1440
4425
1441
1787
2567
1442
4427
5175
1441
1442
2568
5177
1441
1442
1789
4429
1791
2569
4431
5179
1445
1447
3383
1445
1448
1449
4684
4971
1447
1448
3386
1449
3387
4974
1449
4687
4688
4975
1451
1454
2375
1452
1455
1456
1921
1454
1456
1924
2377
1455
2379
1456
1925
1458
1461
1906
1459
1462
4222
1463
1648
1461
1463
1650
1908
1462
1910
4225
1463
4226
1652
1466
1468
1466
1469
1470
2024
2892
1468
1469
1470
2027
1470
2895
2028
2896
1473
1474
1473
1477
1795
1476
1850
1475
1476
1852
1477
1797
1477
1854
1799
1480
1482
3062
1480
1483
2136
1484
2110
4096
1482
1483
2139
3064
1484
2111
3066
1484
2140
4099
2114
4100
1486
1487
1489
3949
1490
3950
4119
1491
2747
4833
1490
1491
4121
4836
1490
1491
2748
3953
3954
4123
2751
4837
1496
1498
2780
3571
1494
1496
2784
1495
1497
2445
1498
1962
3574
1497
2447
2786
1498
1964
2449
1966
3576
1500
1501
1503
3369
1504
3370
1505
2798
1504
1505
2799
1504
1505
3373
3374
2800
1507
1510
3006
1508
1511
1584
1512
3860
3978
1510
1512
3007
3981
1511
1586
3010
1512
1588
3861
3864
3982
1514
1517
1543
1515
1518
2220
1519
4838
1517
1519
1546
1518
1547
2223
1519
2224
4841
4842
1522
1523
1522
1526
1525
2081
1524
1525
2084
3523
1526
3524
1526
2086
3527
3528
1528
1531
1732
1529
1532
1984
1533
1627
1844
1531
1533
1628
1735
1532
1736
1985
1533
1845
1988
1631
1848
1535
1538
3265
1536
1539
1540
1597
2432
1538
1540
2435
3267
1539
3269
1540
1600
1601
2436
1542
1545
1550
1543
1546
1547
1555
1545
1547
1553
1558
1546
1554
1547
1559
1550
1552
2362
1550
1553
1969
1554
1552
1553
1972
2364
1554
2366
1554
1973
1556
1559
1557
1560
2222
1561
1970
1559
1561
1973
1560
2223
1561
2226
1974
1564
1566
3159
1564
1567
1921
1568
4271
1566
1567
1922
3162
1568
3163
4274
1568
1925
4275
1571
1573
1753
1571
1574
2710
1575
1641
2423
1573
1574
1754
2713
1575
1642
1757
1575
2426
2714
1645
2427
1577
1580
1907
1578
1581
1758
1582
2711
4223
1580
1582
1910
4225
1581
1761
1911
1582
1762
2713
2715
4227
1585
1587
2754
1585
1588
1589
2152
1587
1588
2756
1589
2153
2758
1589
2156
1592
1594
1676
3837
1592
1595
1872
2818
1596
2819
3838
1594
1595
1679
1874
1596
1680
3841
1596
1876
2820
2821
3842
1598
1601
2675
1599
1602
2677
5153
1603
3384
5155
1601
1603
3385
1602
2679
1603
2681
5157
3388
5159
1605
1606
1608
3362
4670
1609
2245
4671
1610
3363
4175
1609
1610
2246
4176
1609
1610
3366
4674
2247
4675
3367
4179
1612
1615
2502
1613
1616
2248
3515
1617
3440
3516
1615
1617
2504
3443
1616
2251
2506
1617
2252
3519
3444
3520
1620
1622
2110
4096
1620
1623
1624
4098
1622
1623
2113
1624
2114
4100
1624
4102
1626
1629
1662
1627
1630
1878
1631
1629
1631
1664
1630
1666
1880
1631
1882
1634
1636
2165
1634
1637
2740
3536
1638
1774
3537
1636
1637
2167
2743
1638
1775
2169
1638
2744
3540
1778
3541
1640
1643
1711
1641
1644
1765
1645
2920
1643
1645
1713
1644
1715
1768
1645
1769
2923
2924
1648
1650
2102
1648
1651
1886
1652
1650
1651
1889
2104
1652
2106
1652
1890
1655
1656
1655
1659
1658
1794
1657
1658
1796
1659
3405
1659
1798
3406
3409
1662
1664
1731
1662
1665
2403
1666
1737
1664
1665
1733
2406
1666
1735
1666
1740
2407
1741
1668
1671
2719
1669
1672
2432
2675
1673
2467
2676
1671
1673
2468
2721
1672
2433
2723
1673
2436
2679
2471
2680
1675
1678
2613
1676
1679
1857
1680
4146
1678
1680
2615
4148
1679
1859
2617
1680
1861
4150
1683
1684
1683
1687
1686
2795
1685
1686
2797
1687
1687
2799
1690
1692
1690
1693
4322
1694
1692
1693
4323
1694
2593
1694
2594
4325
2597
1697
1698
1697
1701
2796
1700
4307
1699
1700
4309
1701
2798
1701
4311
2800
1704
1706
2354
1704
1707
3103
1708
2802
1706
1707
2357
3105
1708
2358
2804
1708
3107
2806
1711
1713
1753
1711
1714
2717
1715
2465
1713
1714
1756
2720
1715
1757
1715
2468
2721
2469
1718
1720
1984
1718
1721
4425
1722
1786
1842
1720
1721
1987
4428
1722
1845
1988
1722
1789
4429
1790
1846
1725
1727
1739
1725
1728
1892
1729
1830
1727
1728
1742
1894
1729
1743
1831
1729
1896
1834
1732
1734
1767
1732
1735
1736
2640
1734
1735
1770
1736
1771
2643
1736
2644
1739
1741
1739
1742
1989
1743
1877
1741
1742
1992
1743
1880
1743
1993
1881
1749
1750
1851
4503
1746
1747
1748
2122
4950
1749
1853
2124
1750
4506
4952
1749
1750
2126
4954
1855
2128
4508
4956
1752
1755
1759
1753
1756
2990
1757
1755
1757
1762
1756
1763
2993
1757
2994
1759
1762
1760
1763
1764
2705
2991
1762
1764
2707
1763
1764
2993
2709
2995
1766
1769
1767
1770
2402
1771
2466
1769
1771
2469
1770
2405
1771
2406
2470
1773
1776
2166
1774
1777
3949
1778
2745
1776
1778
2169
1777
2170
3952
1778
2748
3953
2749
1780
1783
3299
1781
1784
2934
1785
2493
3307
1783
1785
3301
3310
1784
2937
3303
1785
2496
2938
2497
3311
1788
1790
1788
1791
3392
1792
3393
1790
1791
1792
1792
3394
3395
1795
1797
1795
1798
1799
1797
1798
1799
1799
1801
1804
2531
1802
1805
2532
2690
1806
2579
2691
1804
1806
2581
1805
2533
1806
2534
2694
2583
2695
1809
1811
4803
1809
1812
5209
1813
4805
5211
1811
1812
1813
4807
1813
5213
4809
5215
1816
1818
1816
1819
2082
1820
2633
1818
1819
2083
1820
2635
1820
2085
2638
1823
1825
4034
4341
1823
1826
4587
1827
4343
4588
1825
1826
4036
1827
4038
4345
1827
4591
4347
4592
1829
1832
1879
1830
1833
3165
1834
1832
1834
1881
1833
1883
3168
1834
3169
1836
1837
1839
2123
1840
1841
1853
2124
1840
1841
1854
1840
1841
2127
1855
2128
1843
1846
1844
1847
1848
1846
1848
1847
1848
1851
1853
1851
1854
1855
1853
1854
1855
1855
1858
1860
3271
1858
1861
1870
1862
1871
4166
1860
1861
3273
1862
3275
4169
1862
1874
1875
4170
1864
1867
2648
1865
1868
4145
1869
3341
4817
1867
1869
2650
3344
1868
2652
4148
1869
4149
4820
3345
4821
1871
1872
1874
1875
1898
1876
2273
1875
1876
1901
2274
1875
1876
1902
2275
1879
1881
1879
1882
1883
4509
1881
1882
1883
1883
4512
4513
1885
1888
4083
1886
1889
2927
1890
1888
1890
4086
1889
2930
4087
1890
2931
1893
1895
1990
1893
1896
1897
2458
1895
1896
1993
1897
1994
2461
1897
2462
1899
1902
4166
1900
1903
4167
1904
1902
1904
1903
4170
1904
4171
1907
1909
2103
1907
1910
1911
2703
1909
1910
2106
1911
2107
2706
1911
2707
1913
1916
2376
1914
1917
2367
1918
1970
1916
1918
2379
1917
2370
2380
1918
1971
2371
1974
1920
1923
2942
1921
1924
3431
1925
1923
1925
2945
1924
2946
3434
1925
3435
1927
1930
4202
1928
1931
2304
1932
3468
5006
1930
1932
3471
4204
1931
2307
4206
1932
2308
5009
3472
5010
1934
1937
2662
1935
1938
4054
1939
1996
2549
1937
1939
2552
2665
1938
2666
4057
1939
1999
4058
2000
2553
1944
1946
2346
3564
1942
1944
2348
1943
1945
2544
1946
1977
3567
1945
2351
2545
1946
1978
2548
1981
3569
1948
1951
2446
1949
1952
3452
1953
1961
4404
1951
1953
1964
2449
1952
2450
3455
1953
3456
4407
1965
4408
1955
1956
1958
2074
1959
2056
2075
1960
2180
2193
1959
1960
2057
2195
1959
1960
2078
2181
2058
2079
2184
2197
1963
1965
1963
1966
4299
1967
2775
4300
1965
1966
1967
2776
1967
4303
2779
4304
1969
1972
2369
1970
1973
1974
1972
1974
2371
1973
2373
1974
1976
1979
2586
1977
1980
2486
1981
4208
1979
1981
2588
1980
2489
2590
1981
2490
4211
4212
1983
1986
2641
1984
1987
3893
1988
1986
1988
2644
1987
2645
3896
1988
3897
1990
1993
1991
1994
1995
2404
2697
1993
1995
2407
1994
1995
2699
2408
2701
1997
2000
1998
2001
4733
2002
3361
3585
2000
2002
3364
2001
4736
2002
3588
4737
3365
3589
2004
2007
2263
2005
2008
3844
2009
2179
2234
2007
2009
2182
2266
2008
2267
3847
2009
2237
3848
2183
2238
2011
2012
2014
3166
4845
2015
3001
4846
2016
3167
4707
2015
2016
3002
4708
2015
2016
3170
4849
3003
4850
3171
4711
2018
2021
2019
2022
3551
2023
3552
4665
2021
2023
4668
2022
2023
3555
3556
4669
2026
2028
2026
2029
2030
2129
4159
2028
2029
2030
4162
2030
2132
2133
4163
2033
2037
5776
2033
2034
2507
5777
2036
2509
5778
2035
2036
2510
4040
2037
4042
2037
2512
4044
4046
2039
2042
3076
2040
2043
3578
2044
2824
3691
2042
2044
2827
3078
2043
3080
3581
2044
3582
3693
2828
3695
2047
2050
2346
6630
2047
2049
6632
2051
2053
6633
2049
2050
2347
2051
2056
2075
2051
2076
2350
2058
2079
2054
2055
7134
2054
2058
7135
2057
2214
7136
2056
2057
2216
2058
2058
2218
2061
2064
4131
6616
2061
2063
2066
6617
2065
2068
6618
2063
2064
4134
2065
2070
2065
4136
2072
2068
2070
7211
2068
2071
2243
7212
2072
7213
2070
2071
2244
2072
4174
2072
2246
4176
4178
2074
2077
2349
2075
2078
2227
2079
2077
2079
2350
2078
2230
2352
2079
2231
2082
2083
2082
2086
2085
2084
2085
2086
2453
2086
2454
2457
2088
2091
2235
2089
2092
2192
3019
2093
2180
2193
2091
2093
2183
2238
2092
2239
3021
2093
2196
3023
2184
2197
2096
2098
2096
2099
4609
2100
2116
2098
2099
4610
2100
2119
2100
4612
2121
2103
2105
2928
2103
2106
2107
3480
2105
2106
2931
2107
2932
3483
2107
3484
2109
2112
4517
2110
2113
3445
2114
2112
2114
4520
2113
3448
4521
2114
3449
2117
2118
2117
2121
2120
2144
2119
2120
2146
2121
2121
2148
2124
2126
3601
2124
2127
4195
2128
2126
2127
3603
4198
2128
3605
2128
4199
2131
2133
2131
2134
3474
2135
4257
4873
2133
2134
3477
2135
4260
2135
3478
4876
4261
4877
2138
2140
2138
2141
2173
2142
3251
2140
2141
2176
2142
3252
2142
2177
3255
2145
2147
2145
2148
2149
2158
2147
2148
2149
2161
2149
2163
2151
2154
4006
2152
2155
4439
2156
2154
2156
4009
2155
4010
4442
2156
4443
2159
2160
2159
2163
2162
2333
2161
2162
2335
2163
2163
2337
2166
2168
2971
2166
2169
2170
4580
2168
2169
2973
2170
2975
4582
2170
4584
2172
2175
5091
2173
2176
3060
2177
2175
2177
5094
2176
3063
5095
2177
3064
2179
2182
2229
2180
2183
2184
2182
2184
2231
2183
2233
2184
2187
2189
2187
2190
3965
2191
2200
2189
2190
3966
2191
2203
4859
2191
3968
4862
2205
4863
2193
2194
2196
2318
2197
2198
2217
2319
2197
2198
2218
2197
2198
2322
2219
2323
2201
2202
2201
2205
2204
3068
2203
2204
3070
2205
4866
2205
3072
4869
4870
2208
2210
2978
2208
2211
3937
2212
3117
3810
2210
2211
2980
3939
2212
2982
3119
2212
3812
3940
3121
3814
2215
2217
6000
2215
2218
6001
2219
2340
6002
2217
2218
2219
2343
2219
2345
2221
2224
2222
2225
4628
2226
4803
2224
2226
2225
4631
2226
4632
4806
4807
2229
2231
2229
2232
2627
2233
2262
2231
2232
2629
2233
2233
2265
2631
2266
2235
2238
2236
2239
2240
3319
3788
2238
2240
3322
2239
2240
3791
3323
3792
2243
2244
5972
2243
2247
2600
5973
2246
5974
2245
2246
2247
2602
2247
2604
2249
2252
2250
2253
2254
2879
4033
2252
2254
2882
2253
2254
4036
2883
4037
2257
2259
2312
2257
2260
2261
4105
2259
2260
2314
2261
2316
4106
2261
4109
2263
2266
2264
2267
2268
2850
4012
2266
2268
4015
2267
2268
2853
2854
4016
2271
2273
2271
2274
2275
2816
2273
2274
2275
2818
2275
2820
2278
2280
4825
2278
2281
2282
4908
5146
2280
2281
4828
2282
4829
5149
2282
4911
4912
5150
2285
2287
2299
2285
2288
4930
2289
3823
4278
2287
2288
2302
4933
2289
2303
4281
2289
3826
4934
3827
4282
2292
2296
4215
5349
2292
2293
3802
5350
2295
3804
5351
2294
2295
3805
2296
4219
5126
2296
3807
5128
4221
5130
2299
2301
4923
2299
2302
3277
2303
4243
2301
2302
3280
4926
2303
4246
4927
2303
3281
4247
2306
2308
2306
2309
4397
4642
2310
4643
5008
2308
2309
4400
2310
5009
2310
4401
4646
4647
5012
2313
2315
2327
2313
2316
2317
4103
4964
2315
2316
2330
2317
2331
4967
2317
4106
4107
4968
2319
2320
2322
3019
2323
2343
2324
3020
4761
2323
2324
2344
4764
2323
2324
3023
2345
3024
4765
2327
2329
2355
2327
2330
2801
2331
3613
2329
2330
2358
2804
2331
2359
3616
2331
2805
3617
2334
2336
2334
2337
2338
2529
2336
2337
2338
2531
2338
2533
2341
2342
4216
5993
2341
2345
5994
2344
4217
5995
2343
2344
4218
2345
2345
4220
2350
2351
2349
2350
2349
2351
2352
2542
2352
2352
2545
2546
2354
2357
2355
2358
2359
3404
2357
2359
3407
2358
2359
3408
2362
2364
2369
2362
2365
3900
2366
4082
2364
2365
2372
3903
2366
2373
2366
3904
4085
4086
2369
2371
2369
2372
3648
2373
2371
2372
3651
2373
2373
3652
2376
2378
3432
2376
2379
2380
3662
2378
2379
3435
2380
3436
3665
2380
3666
2383
2385
2390
2383
2386
3655
2387
2941
3158
2385
2386
2393
3658
2387
2394
3161
2387
2944
3659
2945
3162
2390
2392
2397
2390
2393
3746
2394
2392
2393
2400
3749
2394
2401
2394
3750
2397
2399
2439
2397
2400
3641
2401
2399
2400
2442
3644
2401
2443
2401
3645
2403
2406
2404
2407
2408
2921
2406
2408
2923
2407
2408
2925
2410
2411
2413
4727
4789
2414
3993
4728
2415
4791
5210
2414
2415
3995
5212
2414
2415
4731
4793
3997
4732
4795
5214
2418
2420
2439
2418
2421
2537
3740
2422
3741
2420
2421
2441
2539
2422
2443
2422
2541
3744
3745
2425
2427
2920
2425
2428
2767
2809
2429
2810
2922
2427
2428
2769
2429
2924
2429
2771
2813
2814
2926
2431
2434
5077
2432
2435
3263
2436
2434
2436
5080
2435
3266
5081
2436
3267
2439
2441
2845
2439
2442
3634
2443
2441
2442
2848
3637
2443
2849
2443
3638
2446
2448
3111
2446
2449
2450
3620
2448
2449
3113
2450
3115
3623
2450
3624
2452
2453
2455
3550
2456
3551
2457
3523
2456
2457
2456
2457
3525
3554
3555
3527
2460
2462
2460
2463
2696
2464
2577
2462
2463
2699
2464
2464
2580
2700
2581
2466
2469
2467
2470
2471
2642
2469
2471
2470
2471
2643
2646
2474
2478
3697
6287
2474
2475
6288
2477
2900
6289
2476
2477
2902
2478
3700
2478
2904
3702
2481
2482
2481
2485
4308
2484
4545
2483
2484
4547
2485
2732
4310
2485
2734
4549
2736
4312
2487
2490
2488
2491
3340
2492
2647
2759
2490
2492
2762
2491
3343
2492
2650
3344
2651
2763
2495
2497
4572
2495
2498
4250
2499
4251
4574
2497
2498
2499
4576
2499
4254
4255
4578
2502
2504
2887
2502
2505
3424
2506
2878
2504
2505
2890
3427
2506
2891
2506
2881
3428
2882
2509
2510
6756
2509
2513
4133
6757
2512
6758
2511
2512
5104
2513
4135
5105
2513
5108
4137
5109
2516
2518
5230
2516
2519
2520
5231
2518
2519
2520
5234
2520
5235
2522
2523
2525
4951
2526
5059
2527
4506
4952
2526
2527
4507
5060
2526
2527
4955
5061
4508
4956
2530
2532
2530
2533
2534
2620
2532
2533
2534
2623
2534
2625
2537
2539
2845
2537
2540
2655
3146
2541
2656
2539
2540
2846
3149
2541
2849
2541
2659
3150
2660
2543
2546
2544
2547
2626
2548
2584
2546
2548
2547
2629
2548
2587
2630
2588
2551
2553
2551
2554
2775
4565
2555
4567
4735
2553
2554
2778
2555
4736
2555
2779
4569
4571
4739
2557
2560
2654
3313
2558
2561
3314
3621
2562
3622
2560
2562
2657
2561
2658
3317
2562
3318
3625
3626
2565
2567
2565
2568
4476
2569
3390
2567
2568
4477
2569
3392
2569
4479
3394
2572
2576
3795
5951
2572
2573
5952
2575
2914
5953
2574
2575
2916
2576
3798
4979
2576
2918
4981
3800
4983
2579
2581
2579
2582
2808
2583
3530
2581
2582
2811
2583
2583
2812
3532
3534
2586
2588
2586
2589
2605
2590
2962
2588
2589
2608
2590
2590
2609
2965
2966
2592
2593
2595
4964
2596
4924
5197
2597
4966
2596
2597
5198
2596
2597
4925
4968
4928
5201
4970
2600
2602
7162
2600
2603
3489
7163
2604
7164
2602
2603
3490
2604
4671
2604
3492
4673
4675
2607
2609
2607
2610
3711
2611
2963
2609
2610
3714
2611
2965
2611
3715
2967
2614
2616
2649
2614
2617
2618
3270
4901
2616
2617
2652
2618
2653
4904
2618
3273
3274
4905
2621
2622
2621
2625
2624
2725
2623
2624
2727
2625
2690
2625
2692
2729
2694
2628
2630
2628
2631
2632
3712
4013
2630
2631
2632
3714
2632
4015
3716
4017
2637
2638
4314
2636
2637
4316
2636
2638
2639
3034
2639
3035
4318
2639
3038
2641
2644
2642
2645
2646
2676
2644
2646
2645
2646
2678
2680
2649
2651
2649
2652
2653
4152
2651
2652
2653
4155
2653
4156
2656
2658
3739
2656
2659
2838
2660
3740
2658
2659
2841
2660
3743
2660
2842
3744
2662
2665
2774
2663
2666
4453
2667
3817
4454
2665
2667
2777
3820
2666
2778
2667
4457
3821
4458
2670
2672
2670
2673
4077
2674
3124
2672
2673
4078
2674
3127
2674
4080
3129
2676
2677
2679
2680
2681
3895
2680
2681
3896
2680
2681
3899
2684
2688
3935
6553
2684
2685
6555
2687
3082
6556
2686
2687
3084
2688
2976
3936
2688
2979
3086
2980
3939
2691
2693
3529
2691
2694
2695
3530
2693
2694
2695
3533
2695
3534
2698
2700
2698
2701
2921
2702
2810
2922
2700
2701
2702
2811
2702
2925
2814
2926
2705
2707
2705
2708
3481
2709
2707
2708
3484
2709
2709
3485
2712
2714
2712
2715
3942
2716
2768
3943
2714
2715
2716
2769
2716
3946
2772
3947
2719
2721
2719
2722
4649
2723
5076
2721
2722
4652
2723
2723
4653
5079
5080
2726
2728
2726
2729
2730
2858
2728
2729
2730
2861
2730
2863
2732
2733
2735
4825
2736
5147
2737
3909
4826
2736
2737
3910
2736
2737
4829
5149
5151
3913
4830
2739
2742
3425
2740
2743
2969
2744
2880
2742
2744
2881
3428
2743
2972
3429
2744
2973
2884
2746
2749
2747
2750
3767
2751
3769
2749
2751
2750
2751
3771
3773
2754
2756
3006
2754
2757
3292
2758
4005
2756
2757
3009
3294
2758
3010
2758
3296
4008
4009
2760
2763
2761
2764
3858
4153
2765
2964
3859
2763
2765
2966
2764
4155
2765
3862
4157
2968
3863
2767
2768
2770
4048
4264
2771
4265
2772
4049
2771
2772
2771
2772
4052
4268
4269
4053
2774
2777
4405
2775
2778
2779
2777
2779
4408
2778
4409
2779
2782
2786
6574
2782
2783
6576
2785
3334
6577
2784
2785
3336
2786
3109
2786
3112
3338
3113
2788
2789
2791
3928
4593
2792
4373
4594
2793
3930
2792
2793
4374
2792
2793
3932
4597
4375
4598
3934
2796
2798
2796
2799
2800
2798
2799
2800
2800
2803
2805
2803
2806
2807
2805
2806
2807
2807
2809
2812
2810
2813
4265
2814
2812
2814
2813
4267
2814
4269
2817
2819
2817
2820
2821
3964
2819
2820
2821
3967
2821
3969
2823
2826
3397
2824
2827
3074
2828
2907
2826
2828
2910
3399
2827
3077
3401
2828
3078
2911
2831
2833
4734
4978
2831
2834
3587
4110
2835
4112
4980
2833
2834
3588
4737
2835
4738
4982
2835
3591
4114
4116
4984
2838
2840
3985
2838
2841
2842
3146
2840
2841
3988
2842
3147
3989
2842
3150
2844
2847
3719
2845
2848
3543
2849
2847
2849
3722
2848
3546
3723
2849
3547
2851
2854
2852
2855
2856
3846
2854
2856
3847
2855
2856
3850
2859
2860
2859
2863
2862
5251
2861
2862
5252
2863
2863
5255
2865
2868
2950
2866
2869
3977
2870
3004
3438
2868
2870
2953
3441
2869
2954
3980
2870
3007
3981
3008
3442
2872
2875
5014
2873
2876
2877
4656
2875
2877
4659
5017
2876
5018
2877
4660
2879
2882
2880
2883
2884
3536
2882
2884
2883
2884
3539
3540
2886
2889
3005
2887
2890
3291
2891
3439
2889
2891
3008
3442
2890
3009
3294
2891
3295
3443
2893
2896
2894
2897
4161
4748
2898
4749
5203
2896
2898
5205
2897
4162
2898
4165
4752
4753
5207
2901
2903
6280
2901
2904
6281
2905
3852
6282
2903
2904
2905
3855
2905
3857
2907
2910
3110
2908
2911
2912
3337
2910
2912
3112
3338
2911
3114
2912
3339
2915
2917
5958
2915
2918
5959
2919
3887
5960
2917
2918
2919
3890
5098
2919
5100
3892
5102
2922
2924
2922
2925
2926
2924
2925
2926
2926
2928
2931
2929
2932
2933
3557
3914
2931
2933
3917
2932
2933
3560
3561
3918
2936
2938
2936
2939
4740
2940
2938
2939
4743
2940
2940
4744
2942
2945
2943
2946
2947
3656
5062
2945
2947
3659
2946
2947
5065
3660
5066
2950
2952
2978
2950
2953
3676
2954
3116
2952
2953
2981
3679
2954
2982
3119
2954
3680
3120
2956
2959
2970
2957
2960
3754
4061
2961
3426
4062
2959
2961
2972
3429
2960
2974
3756
2961
3758
4065
3430
4066
2964
2966
2964
2967
2968
4089
2966
2967
2968
2968
4092
4093
2971
2973
2971
2974
2975
3256
2973
2974
2975
2975
3259
3260
2978
2980
2978
2981
3354
2982
2980
2981
3357
2982
2982
3358
2985
2987
6371
2985
2988
3013
6372
2989
3040
6373
2987
2988
3014
2989
3042
4523
2989
3016
4526
3044
4527
2992
2994
2992
2995
3459
2996
3460
4650
2994
2995
2996
4652
2996
3463
3464
4654
2999
3001
2999
3002
3125
3003
4482
3001
3002
3126
3003
4484
3003
3128
4486
3005
3008
3006
3009
3010
3008
3010
3009
3010
3013
3014
6434
3013
3017
3083
6435
3016
6436
3015
3016
3017
3085
4538
3017
4540
3087
4542
3020
3022
3789
3020
3023
3024
5216
3022
3023
3791
3024
3793
5219
3024
5220
3027
3028
4552
5895
3027
3031
3699
5896
3030
4553
5897
3029
3030
4554
3031
3701
4944
3031
4556
4946
3703
4948
3033
3034
3036
4531
4741
3037
4532
5259
3038
4742
3037
3038
5261
3037
3038
4535
4745
4536
5263
4746
3041
3043
3131
7057
3041
3044
7058
3045
3132
7059
3043
3044
3045
3134
4586
3045
4589
3136
4590
3048
3050
3796
5650
3048
3051
5651
3052
3797
5652
3050
3051
3052
3799
5028
3052
5030
3801
5032
3055
3057
3510
3055
3058
3921
3059
3137
4495
3057
3058
3512
3924
3059
3513
4498
3059
3140
3925
3141
4499
3062
3064
3062
3065
4663
3066
4516
3064
3065
4666
3066
3066
4519
4667
4520
3069
3071
3069
3072
3073
4489
3071
3072
3073
4491
5035
3073
5037
4493
5039
3076
3078
3076
3079
3312
3080
3725
3078
3079
3315
3080
3080
3316
3728
3729
3083
3085
7078
3083
3086
7079
3087
7080
3085
3086
3087
3356
3087
3357
3360
3089
3092
3467
3090
3093
4201
3094
4026
4719
3092
3094
3470
4722
3093
3471
4204
3094
4029
4205
4030
4723
3096
3099
4814
5169
3097
3100
4293
5170
3101
3734
4294
3099
3101
3735
4815
3100
4816
5172
3101
4297
5173
3738
4298
3104
3106
5230
3104
3107
3108
3461
5232
3106
3107
3108
5234
3108
3462
3465
5236
3111
3113
3111
3114
3115
3396
3113
3114
3115
3115
3399
3400
3118
3120
3118
3121
3122
3979
3120
3121
3122
3980
3122
3983
3125
3126
3125
3129
3128
3127
3128
3129
4706
3129
4708
4710
3132
3135
3508
6560
3132
3134
6561
3136
6564
3134
3135
3509
3136
4383
3136
3512
4386
4387
3139
3141
3139
3142
4796
3143
4236
4334
3141
3142
4799
3143
4337
3143
4239
4800
4240
4338
3145
3148
4831
3146
3149
3718
3150
3148
3150
4834
3149
3721
4835
3150
3722
3152
3155
3306
3153
3156
3298
3157
3284
3970
3155
3157
3309
3973
3156
3301
3310
3157
3287
3302
3288
3974
3159
3162
3160
3163
3164
4273
3162
3164
3163
3164
4274
4277
3166
3169
3167
3170
3171
4511
3169
3171
4513
3170
3171
4515
3174
3175
3174
3178
3223
3177
3201
3176
3177
3203
3178
3225
5237
3178
3205
5240
3227
5241
3181
3182
3181
3185
3202
3184
3208
3183
3184
3210
3185
3204
4446
3185
3212
4449
3206
4450
3188
3189
3188
3192
3209
3191
3215
3190
3191
3217
3192
3211
4768
3192
3219
4771
3213
4772
3195
3196
3195
3199
3216
3198
3229
3197
3198
3231
3199
3218
4229
3199
3233
4232
3220
4233
3202
3204
3202
3205
3206
3204
3205
3206
4880
3206
4883
4884
3209
3211
3209
3212
3213
3211
3212
3213
4467
3213
4470
4471
3216
3218
3216
3219
3220
3218
3219
3220
4726
3220
4729
4730
3223
3225
3223
3226
4413
3227
3225
3226
4414
3227
4747
3227
4416
4750
4751
3230
3232
3230
3233
3234
3243
3232
3233
3234
3246
4460
3234
4463
3248
4464
3237
3240
3326
3237
3239
3242
3241
3244
3239
3240
3329
3241
3245
4558
3241
3331
4561
3247
4562
3244
3245
3244
3248
3247
3246
3247
3248
4957
3248
4960
4961
3250
3253
4097
3251
3254
4167
3255
4168
3253
3255
4099
3254
4101
3255
4171
4172
3258
3260
3258
3261
3753
3262
4579
4985
3260
3261
3756
3262
4582
3262
3757
4988
4583
4989
3265
3267
3265
3268
4348
3269
4285
3267
3268
4351
3269
3269
4288
4352
4289
3272
3274
4621
3272
3275
3276
4622
3274
3275
3276
4625
3276
4626
3279
3281
4929
3279
3282
4105
3283
4931
3281
3282
4108
3283
4933
3283
4109
4935
3286
3288
3286
3289
4530
3290
5013
3288
3289
4533
3290
3290
4534
5016
5017
3293
3295
3293
3296
3297
3426
4062
3295
3296
3297
3427
3297
4064
3430
4066
3300
3302
3300
3303
3304
4531
4741
3302
3303
3304
4533
3304
4743
4535
4745
3306
3309
4986
3307
3310
3311
3755
3309
3311
3757
4988
3310
4990
3311
3759
3313
3316
3314
3317
3739
3318
3398
3316
3318
3401
3317
3742
3318
3743
3402
3321
3323
3321
3324
3845
3325
5119
3323
3324
3848
3325
5121
3325
3849
5123
3328
3331
6567
3328
3330
3333
6568
3332
3335
6570
3330
3331
3332
3337
3332
3339
3335
3337
7155
3335
3338
7156
3339
7157
3337
3338
3339
3339
3341
3344
3342
3345
3346
4209
5041
3344
3346
4211
3345
3346
5044
4213
5045
3349
3351
4356
3349
3352
3830
3353
3351
3352
3833
4359
3353
4360
3353
3834
3355
3358
3356
3359
3677
4537
3360
4538
3358
3360
3359
3679
3360
3681
4541
4542
3363
3365
3363
3366
4055
3367
4357
3365
3366
4058
3367
4358
3367
4059
4361
3369
3372
3376
3370
3373
4915
3374
3705
3372
3374
3379
3707
3373
3380
4918
3374
4919
3709
3376
3379
4027
3377
3380
3381
3670
4721
3379
3381
4030
4723
3380
4031
3381
3672
3674
4725
3383
3386
3384
3387
3388
4973
3386
3388
3387
3388
4974
4977
3391
3393
3391
3394
3395
4076
3393
3394
3395
4079
3395
4081
3398
3400
3398
3401
3402
3621
3400
3401
3402
3623
3402
3625
3404
3407
3405
3408
3409
3615
3407
3409
3408
3409
3616
3619
3412
3414
4286
3412
3415
3416
3599
4194
3414
3415
4289
3416
4197
4290
3416
3602
3603
4198
3419
3420
3419
3423
3874
3422
3421
3422
3423
3876
3423
3878
3425
3428
3426
3429
3430
3428
3430
3429
3430
3432
3435
3433
3436
3437
3664
5063
3435
3437
5065
3436
3437
3665
3668
5067
3439
3442
3440
3443
3444
3678
3442
3444
3680
3443
3444
3682
3447
3449
3447
3450
3550
3451
3522
3449
3450
3553
3451
3451
3525
3554
3526
3453
3456
3454
3457
3627
3458
3622
5083
3456
3458
3624
3457
3630
3458
3631
5086
3626
5087
3460
3463
3461
3464
4180
3465
4181
3463
3465
3464
3465
4184
4185
3467
3470
3544
3468
3471
3472
3720
3470
3472
3546
3723
3471
3548
3472
3724
3474
3477
3475
3478
3479
4224
4875
3477
3479
4226
3478
3479
4876
4228
4879
3481
3484
3482
3485
3486
3559
3484
3486
3560
3485
3486
3563
3489
3493
3508
6560
3489
3490
6562
3492
6563
3491
3492
4782
3493
3511
4784
3493
4786
3514
4788
3497
3498
3497
3499
4481
3498
3499
3500
4483
3500
4608
3500
4485
4611
4487
4613
3504
3505
6623
3504
3506
6624
3505
3506
4488
3507
4852
6626
3507
4490
3507
4492
4855
4494
4858
3512
3514
3510
3512
3511
3513
3514
4497
3513
3514
4498
4501
3516
3517
3519
3520
3678
3521
4539
3520
3521
3681
4541
3520
3521
3682
4543
3524
3526
3524
3527
3528
4292
3526
3527
3528
4295
3528
4296
3530
3531
3533
4069
3534
3535
4070
4266
3534
3535
4267
3534
3535
4073
4074
4270
3537
3540
3538
3541
3542
4035
3540
3542
4037
3541
3542
4039
3545
3547
3545
3548
3549
3636
4720
3547
3548
3549
3637
3549
4722
3640
4724
3551
3554
3552
3555
3556
4518
3554
3556
4521
3555
3556
4522
3558
3561
3559
3562
3563
3561
3563
3562
3563
3566
3569
6630
3566
3568
4691
6631
3570
4693
6634
3568
3569
4208
3570
4210
4695
3570
4212
4214
4697
3573
3576
6574
3573
3575
4677
6575
3577
4679
6578
3575
3576
4299
3577
4301
4681
3577
4303
4305
4683
3579
3582
3580
3583
3956
3584
3727
4894
3582
3584
3729
3583
3959
3584
3960
4897
3731
4898
3586
3589
3587
3590
4355
3591
3832
3589
3591
3590
4358
3591
3833
4359
3836
3593
3596
4237
3594
3597
3984
3598
4336
3596
3598
4240
4338
3597
3987
4241
3598
3988
4340
3601
3603
3601
3604
3605
4950
3603
3604
3605
3605
4953
4954
3608
3610
3831
3608
3611
5027
3612
4111
5029
3610
3611
3834
3612
3835
4113
3612
5031
4115
5033
3614
3617
3615
3618
4965
3619
3617
3619
3618
4967
3619
4969
3622
3624
3622
3625
3626
3624
3625
3626
3626
3629
3631
3629
3632
4406
4755
3633
4756
5084
3631
3632
4407
3633
5086
3633
4410
4759
4760
5088
3635
3638
3636
3639
3642
3640
4636
3638
3640
3639
3644
3640
3646
4638
4640
3643
3645
3643
3646
3647
3747
3645
3646
3647
3749
3647
3751
3649
3652
3650
3653
3901
3654
4776
3652
3654
4778
3653
3903
3654
3905
4780
3656
3659
3657
3660
3661
3748
3659
3661
3750
3660
3661
3752
3663
3666
3664
3667
4775
3668
5070
3666
3668
3667
4778
3668
4779
5072
5074
3670
3671
3673
4635
4909
3674
4637
3675
4910
4917
3674
3675
4918
3674
3675
4639
4913
4641
4914
4921
3678
3680
3678
3681
3682
3680
3681
3682
3682
3685
3686
3685
3689
5251
3688
4412
3687
3688
4415
5160
3689
5161
5253
3689
4417
5164
5165
5256
3692
3694
3957
3692
3695
3696
4937
3694
3695
3959
3696
3961
4939
3696
4941
3699
3702
7505
3699
3701
7506
3703
7507
3701
3702
3703
3703
3705
3706
3708
4656
3709
3710
4028
4657
3709
3710
4031
3709
3710
4660
4032
4661
3713
3715
3809
3713
3716
4013
3717
3811
4014
3715
3716
3717
3813
3717
4017
3815
4018
3719
3722
3720
3723
3724
4118
3722
3724
4120
3723
3724
4122
3727
3729
3727
3730
3741
3731
3729
3730
3742
3731
3731
3745
3733
3734
3736
3737
4366
3738
3737
3738
4367
3737
3738
4368
3740
3743
3741
3744
3745
3743
3745
3744
3745
3748
3750
3748
3751
3752
3750
3751
3752
3752
3755
3757
3755
3758
3759
4572
3757
3758
3759
3759
4575
4576
3761
3764
4874
3762
3765
4047
3766
4259
3764
3766
4261
4877
3765
4050
4878
3766
4051
4263
3768
3769
3771
3772
4238
3773
3986
3772
3773
3987
4241
3772
3773
4242
3990
3776
3778
5209
3776
3779
4999
3780
4791
5210
3778
3779
5002
3780
5213
3780
4792
5003
4795
5214
3782
3783
3785
4097
3786
3876
3787
4098
3786
3787
3877
3786
3787
4101
3878
4102
3790
3792
3790
3793
3794
4992
5118
3792
3793
3794
5121
3794
4995
4996
5122
3797
3800
6252
3797
3799
6253
3801
6254
3799
3800
3801
5048
3801
5051
5052
3804
3805
6609
3804
3808
5246
6610
3807
6611
3806
3807
3808
5224
5247
3808
5226
5228
5249
3810
3811
3813
3814
3815
3814
3815
3814
3815
3817
3818
3820
4405
3821
4783
3822
4406
4755
3821
3822
4758
4785
3821
3822
4409
4787
4410
4759
3824
3827
3825
3828
4824
3829
5071
3827
3829
5073
3828
4827
3829
4828
5075
3831
3834
3832
3835
3836
4110
3834
3836
3835
3836
4113
4114
3838
3839
3841
4146
3842
3967
3843
4147
4861
3842
3843
3968
4862
3842
3843
4150
3969
4151
4865
3845
3848
3846
3849
3850
3848
3850
3849
3850
3853
3854
6805
3853
3857
6806
3856
4601
6807
3855
3856
4603
3857
3857
4605
3859
3862
3860
3863
4089
3864
4090
3862
3864
3863
3864
4093
4094
3866
3867
3869
4916
5181
3870
5148
5183
3871
4910
4917
3870
3871
4912
5150
3870
3871
4920
5185
5152
5187
4914
4921
3874
3876
3874
3877
4126
3878
3876
3877
4127
3878
3878
4129
3881
3883
4440
3881
3884
4007
4573
3885
4251
4574
3883
3884
4010
4442
3885
4253
4444
3885
4011
4577
4255
4578
3888
3889
6378
3888
3892
6379
3891
4678
6380
3890
3891
4680
3892
4566
3892
4568
4682
4570
3894
3897
3895
3898
4426
3899
5153
3897
3899
3898
4428
3899
4430
5156
5157
3902
3904
3902
3905
3906
4084
3904
3905
3906
4085
3906
4088
3908
3909
3911
3999
4279
3912
4000
4548
3913
4280
3912
3913
4549
3912
3913
4003
4283
4004
4550
4284
3915
3918
3916
3919
3920
4084
3918
3920
4087
3919
3920
4088
3922
3925
3923
3926
4797
3927
4342
4384
3925
3927
4386
3926
4799
3927
4344
4801
4346
4388
3930
3932
3930
3933
4951
3934
3932
3933
4953
3934
3934
4955
3939
3941
4187
3937
3939
3938
3940
3941
4190
4888
3940
3941
4890
4192
4892
3943
3944
3946
4223
3947
4049
3948
4224
4875
3947
3948
4050
4878
3947
3948
4227
4053
4228
4879
3950
3953
3951
3954
5007
3955
4581
5008
3953
3955
4584
3954
3955
5011
4585
5012
3958
3960
3958
3961
3962
4615
4895
3960
3961
3962
4897
3962
4617
4619
4899
3965
3966
3965
3969
3968
3967
3968
3969
3969
3971
3974
3972
3975
4642
3976
4644
4987
3974
3976
4990
3975
3976
4646
4648
4991
3978
3981
3979
3982
4090
3983
4091
3981
3983
3982
3983
4094
4095
3985
3988
3986
3989
3990
4833
3988
3990
3989
3990
4834
4837
3993
3995
4804
3993
3996
4630
4769
3997
4770
3995
3996
4632
4806
3997
4808
3997
4634
4773
4774
4000
4002
4244
4000
4003
4279
4004
4002
4003
4247
4281
4004
4248
4004
4283
4006
4009
4007
4010
4011
4063
4009
4011
4064
4010
4011
4067
4014
4016
4014
4017
4018
4016
4017
4018
4018
4021
4023
4021
4024
4140
4025
4377
4023
4024
4141
4025
4379
4391
4025
4143
4393
4381
4395
4027
4030
4028
4031
4032
4203
4030
4032
4205
4031
4032
4207
4035
4037
4035
4038
4432
4039
4433
4037
4038
4039
4039
4436
4437
4041
4042
4044
4045
5027
4046
4045
4046
5030
4045
4046
5031
4048
4051
4049
4052
4068
4053
4051
4053
4052
4071
4053
4072
4055
4058
4056
4059
4670
4060
4455
4672
4058
4060
4457
4059
4060
4674
4459
4676
4062
4063
4065
4066
4067
4573
4066
4067
4066
4067
4575
4577
4070
4072
4264
4070
4073
4074
4266
4072
4073
4074
4268
4074
4270
4077
4078
4077
4081
4080
4079
4080
4081
4081
4083
4086
4084
4087
4088
4086
4088
4087
4088
4090
4093
4091
4094
4095
4093
4095
4094
4095
4098
4100
4098
4101
4102
4100
4101
4102
4102
4104
4107
4105
4108
4922
4109
4107
4109
4108
4925
4109
4926
4112
4114
4112
4115
5049
4116
5050
4114
4115
4116
4116
5053
5054
4119
4121
4832
4119
4122
5006
4123
5007
4121
4122
4835
4123
4836
4123
5010
5011
4126
4127
4126
4130
4364
4129
4128
4129
4130
4366
4130
4368
4133
4136
6455
4133
4135
6456
4137
6457
4135
4136
4137
5105
4137
5107
5109
4140
4141
4140
4144
4371
4143
4142
4143
4144
4373
4594
4144
4596
4375
4598
4147
4149
4147
4150
4151
4819
4149
4150
4151
4820
4151
4823
4154
4156
4154
4157
4158
4902
4156
4157
4158
4904
4158
4906
4160
4163
4161
4164
4258
5111
4165
5112
4163
4165
4164
4260
4165
4262
5115
5116
4167
4170
4168
4171
4172
4170
4172
4171
4172
4174
4175
4177
4356
4178
4179
4357
4178
4179
4178
4179
4360
4361
4181
4182
4184
4650
4185
5232
4186
4350
4651
4185
4186
4353
5233
4185
4186
4654
5236
4354
4655
4189
4192
6553
4189
4191
4600
6554
4193
4602
6557
4191
4192
4888
4193
4604
4889
4193
4892
4606
4893
4195
4198
4196
4199
4200
4287
4198
4200
4290
4199
4200
4291
4203
4205
4203
4206
4207
4398
4205
4206
4207
4207
4400
4402
4210
4212
4210
4213
4698
4214
4699
4212
4213
4214
4214
4702
4703
4217
4221
6210
4217
4218
6211
4220
6212
4219
4220
4221
4763
4221
4764
4767
4224
4226
4224
4227
4228
4226
4227
4228
4228
4230
4233
4726
4231
4234
4727
4789
4235
4462
4790
4233
4235
4463
4234
4730
4235
4731
4793
4466
4794
4237
4240
4238
4241
4242
4798
4240
4242
4800
4241
4242
4802
4244
4247
4245
4248
5195
4249
4924
5197
4247
4249
4927
4248
4249
5199
4928
5201
4251
4252
4254
4419
4255
4256
4420
4441
4255
4256
4444
4255
4256
4423
4424
4445
4259
4261
4259
4262
4263
5162
4261
4262
4263
4263
5163
5166
4265
4266
4268
4269
4270
4269
4270
4269
4270
4272
4275
4273
4276
4895
5000
4277
4896
4275
4277
4276
5002
4277
4899
5004
4900
4280
4282
4280
4283
4284
4826
4282
4283
4284
4827
4284
4830
4286
4289
4287
4290
4291
5021
4289
4291
5023
4290
4291
5025
4293
4296
4294
4297
4298
4296
4298
4297
4298
4300
4301
4303
4304
4565
4305
4681
4304
4305
4568
4682
4304
4305
4569
4683
4308
4310
4308
4311
4312
4310
4311
4312
5182
4312
5184
5186
4315
4317
4315
4318
4319
4328
4317
4318
4319
4331
5260
4319
5261
4333
5264
4322
4323
4322
4326
4325
4324
4325
4326
5196
4326
5198
5200
4329
4330
4329
4333
4332
4331
4332
5258
4333
5260
4333
5262
5264
4336
4338
4336
4339
4756
5084
4340
5085
4338
4339
4757
4340
4340
4760
5088
5089
4343
4345
4432
4343
4346
4384
4347
4385
4345
4346
4435
4347
4436
4347
4388
4389
4349
4352
4350
4353
5020
4354
5078
4352
4354
5081
4353
5023
4354
5024
5082
4356
4359
4357
4360
4361
4359
4361
4360
4361
4364
4366
4364
4367
4812
4368
4366
4367
4813
4368
4368
4815
4371
4373
4371
4374
4714
4375
4373
4374
4715
4375
4375
4717
4378
4380
4378
4381
4382
4475
4380
4381
4685
4382
4478
4686
4382
4689
4480
4690
4385
4387
4586
4385
4388
4389
4588
4387
4388
4389
4590
4389
4592
4391
4392
4394
4395
4685
4396
4595
4395
4396
4596
4395
4396
4687
4689
4599
4399
4401
4399
4402
4657
4403
4658
4401
4402
4403
4403
4661
4662
4405
4408
4406
4409
4410
4408
4410
4409
4410
4413
4414
4413
4417
4416
4415
4416
4417
5113
4417
5114
5117
4419
4422
4664
4420
4423
4424
5092
4422
4424
4666
5095
4423
4668
4424
5096
4427
4429
4427
4430
5174
4431
5175
4429
4430
4431
4431
5178
5179
4433
4436
4434
4437
4438
4798
4436
4438
4801
4437
4438
4802
4441
4443
4441
4444
4445
5092
4443
4444
4445
5093
4445
5096
4448
4450
4448
4451
4468
4839
4452
4840
4450
4451
4470
4452
4452
4472
4843
4844
4454
4455
4457
4458
4783
4459
4672
4458
4459
4673
4786
4458
4459
4787
4676
4461
4464
4957
4462
4465
4958
4466
4464
4466
4465
4961
4466
4962
4469
4471
4768
4469
4472
4629
4473
4630
4769
4471
4472
4473
4772
4473
4633
4634
4773
4476
4477
4476
4480
4479
4478
4479
4480
4480
4483
4485
4483
4486
4487
4485
4486
4846
4487
4847
4487
4850
4851
4490
4492
4490
4493
4494
4492
4493
4854
4494
4855
4494
4857
4858
4496
4499
4497
4500
4754
4501
4784
4499
4501
4500
4757
4501
4758
4785
4788
4504
4505
5273
4504
4508
4507
5275
4506
4507
5277
4508
4508
5278
4511
4513
4511
4514
4705
4515
4707
4513
4514
4515
4515
4709
4711
4517
4520
4518
4521
4522
4665
4520
4522
4667
4521
4522
4669
4525
4527
4525
4528
4539
4529
4587
4527
4528
4540
4529
4589
4529
4543
4591
4532
4534
4532
4535
4536
5015
4534
4535
4536
5016
4536
5019
4538
4539
4541
4542
4543
4542
4543
4542
4543
4546
4548
4546
4549
4550
4548
4549
4550
4550
4553
4557
5244
7204
4553
4554
7205
4556
7206
4555
4556
4557
5190
5248
4557
5191
5194
5250
4560
4562
4560
4563
4937
4564
4938
4959
4562
4563
4564
4960
4564
4941
4942
4963
4567
4569
4567
4570
5098
4571
5099
4569
4570
4571
4571
5102
5103
4574
4576
4574
4577
4578
4576
4577
4578
4578
4581
4583
4581
4584
4585
4643
4583
4584
4585
4645
4585
4647
4588
4590
4588
4591
4592
4590
4591
4592
4592
4594
4595
4597
4598
4599
4598
4599
4598
4599
4602
4604
6427
4602
4605
6428
4606
6429
4604
4605
4606
4606
4609
4610
4609
4613
4612
4611
4612
4613
4847
4613
4848
4851
4616
4618
4936
4616
4619
5000
4620
5001
4618
4619
4939
4620
4940
4620
5004
5005
4622
4623
4625
4901
4626
4627
4903
5134
4626
4627
5135
4626
4627
4905
4907
5138
4630
4632
4630
4633
4839
4634
4632
4633
4841
4634
4634
4843
4637
4639
4637
4640
4720
4641
4721
4639
4640
4641
4641
4724
4725
4643
4644
4646
4647
4648
4987
4647
4648
4989
4647
4648
4991
4651
4653
4651
4654
4655
5078
4653
4654
4655
5079
4655
5082
4657
4660
4658
4661
4662
4660
4662
4661
4662
4665
4667
4665
4668
4669
4667
4668
4669
4669
4671
4672
4674
4675
4676
4675
4676
4675
4676
4679
4681
7064
4679
4682
7065
4683
7066
4681
4682
4683
4683
4686
4688
4686
4689
4690
4688
4689
4690
4690
4693
4695
7379
4693
4696
4852
7380
4697
7381
4695
4696
4853
4697
4699
4697
4701
4856
4703
4699
4700
4702
5041
4703
4704
5036
5042
4703
4704
5038
4703
4704
5045
5040
5046
4706
4707
4709
4710
4711
4710
4711
4710
4711
4714
4715
4714
4718
5057
4717
4716
4717
4718
5059
4718
5061
4721
4723
4721
4724
4725
4723
4724
4725
4725
4727
4730
4728
4731
4732
4770
4730
4732
4771
4731
4732
4774
4734
4737
4735
4738
5097
4739
5099
4737
4739
4738
4739
5101
5103
4742
4744
4742
4745
4746
4744
4745
4746
4746
4749
4751
5237
4749
4752
5112
4753
5238
4751
4752
5114
4753
5241
4753
5116
5242
4755
4758
4756
4759
4760
4758
4760
4759
4760
4762
4765
5216
4763
4766
5125
5217
4767
5126
4765
4767
4766
5220
4767
5129
5221
5130
4769
4772
4770
4773
4774
4772
4774
4773
4774
4777
4779
4777
4780
4781
4931
4779
4780
4781
4932
4781
4935
4783
4784
4786
4787
4788
4787
4788
4787
4788
4790
4791
4793
4794
4795
4794
4795
4794
4795
4798
4800
4798
4801
4802
4800
4801
4802
4802
4805
4807
4805
4808
4809
5211
4807
4808
4809
4809
5212
5215
4812
4813
4812
4816
5141
4815
4814
4815
4816
5143
4816
5145
4818
4821
4819
4822
4860
5043
4823
4861
4821
4823
4822
5044
4823
4864
5047
4865
4825
4828
4826
4829
4830
4828
4830
4829
4830
4832
4835
4833
4836
4837
4835
4837
4836
4837
4840
4842
4840
4843
4844
4842
4843
4844
4844
4846
4849
4847
4850
4851
4849
4851
4850
4851
4856
4858
4854
4856
5034
4855
4857
5035
4858
4857
5038
4858
5039
4860
4863
4866
4861
4864
4868
4865
4863
4865
4864
4870
4865
4872
4868
4870
4868
4871
5036
5042
4872
5043
4870
4871
5037
4872
4872
5040
5046
5047
4874
4877
4875
4878
4879
4877
4879
4878
4879
4881
4884
4882
4885
5202
4886
5204
5239
4884
4886
5240
4885
4886
5206
5208
5243
4889
4891
4889
4892
4893
4891
4892
4893
4893
4896
4898
4896
4899
4900
4898
4899
4900
4900
4903
4905
4903
4906
5133
4907
5134
4905
4906
4907
4907
5137
5138
4910
4912
4910
4913
4914
4912
4913
4914
4914
4916
4919
4917
4920
4921
4919
4921
4920
4921
4923
4926
4924
4927
4928
4926
4928
4927
4928
4930
4931
4933
4934
5069
4935
4934
4935
5072
4934
4935
5073
4938
4940
4958
4938
4941
4942
4959
4940
4941
4942
4962
4942
4963
4944
4945
4947
4992
4948
4949
4993
5188
4948
4949
5191
4948
4949
4996
4997
5192
4952
4954
4952
4955
4956
4954
4955
4956
4956
4958
4961
4959
4962
4963
4961
4963
4962
4963
4966
4968
4966
4969
4970
4968
4969
4970
4970
4972
4975
4973
4976
5154
4977
5155
4975
4977
4976
4977
5158
5159
4980
4982
5097
4980
4983
4984
5050
4982
4983
5100
4984
5101
4984
5051
5054
4987
4989
4987
4990
4991
4989
4990
4991
4991
4993
4996
4994
4997
5223
4998
5218
5225
4996
4998
5219
4997
4998
5227
5222
5229
5001
5003
5001
5004
5005
5003
5004
5005
5005
5007
5010
5008
5011
5012
5010
5012
5011
5012
5014
5017
5015
5018
5258
5019
5259
5017
5019
5018
5019
5262
5263
5022
5024
5022
5025
5026
5231
5024
5025
5026
5233
5026
5235
5029
5031
5029
5032
5048
5033
5049
5031
5032
5033
5033
5052
5053
5035
5036
5038
5039
5040
5039
5040
5039
5040
5042
5045
5043
5046
5047
5045
5047
5046
5047
5049
5052
5050
5053
5054
5052
5054
5053
5054
5057
5059
5057
5060
5276
5061
5059
5060
5277
5061
5061
5278
5064
5066
5064
5067
5070
5068
5071
5066
5067
5068
5068
5074
5075
5071
5073
5071
5074
5075
5073
5074
5075
5075
5077
5080
5078
5081
5082
5080
5082
5081
5082
5085
5087
5085
5088
5089
5087
5088
5089
5089
5091
5094
5092
5095
5096
5094
5096
5095
5096
5099
5101
5099
5102
5103
5101
5102
5103
5103
5105
5106
5108
5109
5110
5109
5110
5109
5110
5112
5113
5115
5116
5117
5160
5116
5117
5116
5117
5163
5164
5120
5122
5120
5123
5124
5122
5123
5124
5124
5126
5127
5129
5217
5130
5131
5218
5225
5130
5131
5226
5130
5131
5221
5222
5229
5133
5136
5134
5137
5138
5136
5138
5137
5138
5141
5143
5141
5144
5269
5145
5143
5144
5168
5270
5145
5169
5145
5171
5271
5172
5148
5150
5148
5151
5182
5152
5183
5150
5151
5152
5152
5186
5187
5155
5157
5155
5158
5176
5159
5157
5158
5178
5159
5159
5180
5161
5164
5162
5165
5253
5166
5254
5164
5166
5165
5166
5256
5257
5171
5173
5268
5169
5171
5270
5170
5172
5173
5172
5271
5173
5175
5176
5178
5179
5180
5179
5180
5179
5180
5183
5185
5183
5186
5187
5185
5186
5187
5187
5189
5192
5223
5190
5193
5224
5247
5194
5248
5192
5194
5193
5227
5194
5228
5249
5250
5196
5197
5199
5200
5201
5200
5201
5200
5201
5204
5206
5204
5207
5238
5208
5239
5206
5207
5208
5208
5242
5243
5210
5211
5213
5214
5215
5214
5215
5214
5215
5217
5220
5218
5221
5222
5220
5222
5221
5222
5224
5225
5227
5228
5229
5228
5229
5228
5229
5231
5232
5234
5235
5236
5235
5236
5235
5236
5238
5241
5239
5242
5243
5241
5243
5242
5243
5246
5250
5657
5246
5247
5658
5249
5659
5248
5249
5250
5250
5255
5256
5254
5255
5254
5256
5257
5257
5257
5259
5260
5262
5263
5264
5263
5264
5263
5264
5268
5269
5268
5270
5269
5270
5271
5271
5271
5275
5276
5275
5277
5276
5277
5278
5278
5278
5280
5281
5283
5861
6245
5284
5832
5862
5285
6067
6246
5284
5285
5835
6068
5284
5285
5865
6249
5836
5866
6069
6250
5288
5290
5288
5291
6506
5292
7191
5290
5291
6507
5292
5631
7193
5292
5632
6509
5635
7195
5294
5295
5297
5503
5511
5298
5504
6263
5299
5490
5512
5298
5299
5492
6264
5298
5299
5507
5515
5508
6265
5494
5516
5301
5302
5304
6708
5305
5393
6709
5306
6058
7491
5305
5306
5395
6059
5305
5306
6712
7494
5396
6713
6062
7495
5308
5311
5861
6245
5309
5312
5461
6247
5313
5463
6107
5311
5313
5864
6109
5312
5865
6249
5313
5465
6251
5467
6111
5315
5316
5318
5566
5854
5319
5855
7330
5320
5567
6046
5319
5320
6047
7333
5319
5320
5570
5858
5859
7334
5571
6048
5323
5325
5916
6441
5323
5326
6417
6771
5327
5918
6772
5325
5326
6418
6444
5327
5920
6445
5327
6419
6775
5922
6776
5329
5330
5332
6085
6483
5333
6485
6816
5334
5505
6086
5333
5334
5506
6817
5333
5334
6089
6487
6489
6818
5509
6090
5337
5339
5728
5337
5340
6217
6225
5341
6219
6238
5339
5340
5730
6227
5341
5732
6241
5341
6221
6229
6223
6242
5344
5346
6156
5344
5347
5539
7428
5348
5540
6114
5346
5347
6159
7431
5348
6115
6160
5348
5543
7432
5544
6118
5351
5354
6210
5351
5353
5355
7197
5353
5354
5419
6214
5355
5420
7198
5355
5423
6216
5424
7201
5357
5358
5360
7256
5361
6471
7257
5362
7011
7045
5361
5362
6472
7012
5361
5362
7046
7258
6475
7259
7014
7049
5365
5367
5365
5368
6681
5369
7324
5367
5368
6682
5369
6093
7326
5369
6094
6684
6097
7328
5371
5372
5374
5874
6189
5375
6191
6284
5376
5525
5876
5375
5376
5527
6285
5375
5376
5878
6193
6195
6286
5529
5880
5378
5379
5381
5931
5382
5932
7463
5383
6648
7246
5382
5383
6649
7466
5382
5383
5935
7249
5936
7467
6650
7250
5386
5388
5661
5386
5389
6203
6904
5390
5685
6204
5388
5389
5662
6906
5390
5663
5688
5390
6207
6908
5689
6208
5395
5397
5651
6541
5393
5395
5653
5394
5396
6953
5397
6543
6954
5396
5655
5397
6957
6545
6958
5400
5402
5476
5818
5400
5403
5832
5862
5404
5820
5834
5402
5403
5479
5863
5404
5480
5822
5404
5836
5866
5824
5838
5406
5409
5827
5407
5410
7127
7407
5411
6870
7409
5409
5411
5830
6871
5410
5831
7130
5411
7131
7411
6874
7413
5414
5416
6106
6770
5414
5417
6179
6961
5418
6107
6962
5416
5417
6180
6773
5418
6110
6774
5418
6181
6964
6111
6965
5420
5421
5423
6469
5424
6119
5425
6470
6550
5424
5425
6122
6551
5424
5425
6473
6123
6474
6552
5428
5430
5428
5431
6366
5432
6022
5430
5431
6367
5432
6025
7233
5432
6369
7235
6027
7237
5434
5435
5437
5489
6036
5438
5491
6802
5439
5568
6037
5438
5439
5569
6803
5438
5439
5493
6040
5495
6804
5572
6041
5442
5443
5442
5446
6749
5445
6064
5444
5445
6066
5446
5833
6750
5446
5835
6068
5837
6753
5449
5450
5449
5453
6065
5452
7170
5451
5452
7172
5453
6067
6246
5453
6248
7174
6069
6250
5455
5458
5826
5456
5459
6868
5460
5874
6189
5458
5460
5829
6192
5459
5830
6871
5460
5877
6872
5878
6193
5462
5463
5465
7309
5466
6424
7310
5467
6962
5466
5467
6425
6963
5466
5467
7313
6426
7314
6965
5469
5470
5472
5804
7232
5473
5805
5853
5474
6025
7233
5473
5474
5856
6026
5473
5474
5808
7236
5809
5857
6027
7237
5476
5479
5672
5477
5480
5665
5481
5624
5666
5479
5481
5627
5674
5480
5676
5481
5669
5628
5670
5483
5486
5520
5484
5487
5924
6945
5488
5925
6674
5486
5488
5521
6675
5487
5523
6948
5488
5928
6949
5929
6678
5490
5491
5493
6141
5494
6142
5495
6536
5494
5495
6537
5494
5495
6145
6146
6538
5497
5500
6701
5498
5501
5825
5502
6190
7509
5500
5502
6703
7510
5501
5828
6705
5502
5829
6192
6194
7511
5504
5505
5507
6925
5508
6298
5509
6926
5508
5509
6299
5508
5509
6929
6300
6930
5512
5514
5791
5512
5515
6925
5516
6142
5514
5515
5793
6927
5516
5795
6143
5516
6929
6146
5521
5522
5776
6539
5520
5521
5779
5520
5522
6542
5523
6343
5523
5781
5523
6346
6544
6347
5525
5526
5528
6323
6637
5529
6324
5530
6638
6809
5529
5530
6810
5529
5530
6327
6641
6328
6642
6811
5532
5535
5904
5533
5536
5701
5537
5589
6084
5535
5537
5591
5906
5536
5702
5908
5537
5705
6087
5593
6088
5540
5542
5694
5540
5543
6602
5544
5575
5542
5543
5696
6605
5544
5576
5698
5544
6606
5579
5547
5549
6051
6791
5547
5550
6016
6652
5551
6653
6792
5549
5550
6017
6054
5551
6055
6795
5551
6020
6656
6657
6796
5553
5556
6113
6147
5554
5557
6149
7436
5558
7234
7437
5556
5558
6116
7236
5557
6117
6151
5558
6153
7440
7238
7441
5561
5563
6459
5561
5564
6098
6477
5565
6478
7408
5563
5564
6101
6460
5565
6461
7410
5565
6102
6481
6482
7412
5567
5568
5570
6840
5571
6130
5572
6842
5571
5572
6131
5571
5572
6844
6132
6846
5574
5577
5610
5575
5578
6113
6147
5579
6114
5577
5579
5612
5578
5614
6150
5579
6117
6151
6118
5582
5584
6310
5582
5585
5916
6441
5586
6442
7317
5584
5585
5919
6312
5586
6314
7319
5586
5920
6445
6446
7321
5589
5591
5596
5589
5592
5783
5593
5636
5591
5592
5599
5786
5593
5600
5593
5639
5787
5640
5596
5598
6183
5596
5599
6071
5600
5902
5598
5599
6074
6185
5600
5905
6187
5600
6075
5906
5603
5605
6162
5603
5606
5755
5607
5909
6224
5605
5606
5758
6165
5607
5912
6166
5607
5759
6227
5913
6228
5610
5612
5694
5610
5613
6707
5614
5930
5612
5613
5697
6710
5614
5698
5614
5933
6711
5934
5616
5619
5623
5617
5620
5671
5621
5813
6302
5619
5621
5626
5815
5620
5627
5674
5621
5675
6304
5817
6306
5623
5626
5869
5624
5627
5628
5680
5626
5628
5682
5871
5627
5873
5628
5684
5630
5631
5633
5721
5634
5722
6721
5635
6917
5634
5635
6724
5634
5635
5725
6920
5726
6725
6921
5637
5640
6084
5638
5641
6085
6483
5642
5939
6484
5640
5642
5940
5641
6088
5642
6089
6487
5943
6488
5645
5647
6135
5645
5648
5889
5649
5713
6077
5647
5648
5892
6137
5649
6080
6139
5649
5716
5893
5717
6081
5652
5654
5652
5655
5656
5741
5654
5655
5656
5743
6056
5656
6059
5746
6060
5659
5662
7225
5659
5661
5663
6610
5661
5662
7226
5663
6612
5663
7229
6614
5665
5668
5721
5666
5669
5818
5670
5680
5668
5670
5683
5723
5669
5725
5821
5670
5822
5684
5673
5675
5673
5676
5677
5860
6105
5675
5676
5677
6108
5677
5863
5864
6109
5680
5682
6079
5680
5683
5714
5684
5682
5683
5717
6081
5684
6083
5684
5718
5686
5689
6351
5687
5690
6352
5691
6765
7360
5689
5691
6766
5690
6355
5691
6356
7361
6769
7364
5694
5696
6344
5694
5697
6952
5698
5696
5697
6346
6955
5698
6348
5698
6956
5700
5703
6316
5701
5704
6231
5705
6924
5703
5705
6319
5704
6234
6320
5705
6235
6927
6928
5707
5710
5827
5708
5711
5847
5881
5712
5883
6702
5710
5712
5828
6705
5711
5831
5849
5712
5851
5885
5887
6706
5714
5717
5715
5718
5719
5720
6490
5717
5719
6493
5718
5719
5723
5724
6494
5722
5724
5722
5725
5726
6931
5724
5725
5726
6934
5726
6935
5729
5731
5756
5729
5732
5733
5888
6133
5731
5732
5759
5733
5760
6136
5733
5891
5892
6137
5738
5739
5896
7507
5737
5738
5898
5737
5739
7508
5740
6049
6700
5740
5900
6052
5740
6703
7510
6053
6704
5745
5746
6254
5744
5745
6256
7260
5744
5746
5944
5747
5946
7262
5747
6258
7264
5747
5948
5950
7266
5749
5752
5771
5750
5753
5763
5754
6035
6841
5752
5754
5774
6038
5753
5765
5775
5754
5767
6843
6039
6845
5756
5759
5757
5760
5761
6016
6652
5759
5761
6019
5760
5761
6654
6020
6656
5764
5766
6156
5764
5767
5768
5804
6112
5766
5767
6158
5768
6115
6160
5768
5807
5808
6116
5771
5773
5792
5771
5774
6140
5775
6154
5773
5774
5795
6143
5775
5796
6157
5775
6144
6158
5778
5781
5778
5780
6756
5782
6758
5780
5781
5782
6672
6759
5782
6675
6676
6761
5784
5787
5785
5788
5937
5789
6072
6170
5787
5789
6075
5788
5940
5789
5941
6171
6076
6174
5792
5794
6232
5792
5795
5796
6329
5794
5795
6235
5796
6236
6332
5796
6333
5798
5801
6098
6477
5799
5802
6099
5803
6322
6392
5801
5803
6325
6480
5802
6102
6481
5803
6103
6395
6326
6396
5805
5808
5806
5809
5853
5810
5854
6840
5808
5810
6843
5809
5810
5857
5858
6844
5813
5815
5869
5813
5816
6308
5817
5917
5815
5816
5872
6311
5817
5873
5817
5919
6312
5921
5820
5822
5820
5823
6751
6918
5824
6752
5822
5823
6920
5824
5824
6754
6922
6755
5826
5829
5827
5830
5831
5829
5831
5830
5831
5834
5836
5834
5837
6750
5838
6752
5836
5837
5838
5838
6753
6755
5840
5841
5843
5847
5881
5844
5882
6401
5845
5848
6666
5844
5845
6404
6669
5844
5845
5851
5885
5886
6405
5852
6670
5848
5850
7128
7239
5848
5851
5852
7240
5850
5851
7130
5852
7132
7243
5852
7244
5854
5857
5855
5858
5859
6408
5857
5859
6410
5858
5859
6411
5861
5864
5862
5865
5866
5864
5866
5865
5866
5869
5871
6079
5869
5872
7001
5873
5871
5872
6082
7004
5873
6083
5873
7005
5876
5878
5876
5879
6476
5880
6324
5878
5879
6479
5880
5880
6325
6480
6328
5882
5883
5885
5886
6163
5887
6744
5886
5887
6164
6747
5886
5887
6167
6748
5889
5892
5890
5893
5894
6239
6491
5892
5894
6241
5893
5894
6493
6243
6495
5897
5899
7205
5897
5900
5901
7206
5899
5900
5901
6051
7207
5901
6052
6055
7209
5904
5906
5904
5907
6448
5908
6315
5906
5907
6451
5908
5908
6318
6452
6319
5911
5913
5911
5914
6399
5915
6070
6273
5913
5914
6402
5915
6073
5915
6276
6403
6074
6277
5918
5920
5918
5921
6302
5922
6303
5920
5921
5922
5922
6306
6307
5924
5927
6184
5925
5928
7337
5929
6667
5927
5929
6186
6668
5928
6188
7340
5929
7341
6671
5931
5934
5932
5935
6148
5936
7148
5934
5936
7151
5935
6150
5936
6152
7152
5938
5941
5939
5942
6028
6091
5943
6092
5941
5943
5942
6031
5943
6032
6095
6096
5945
5946
5948
6056
5949
6057
6865
5950
7479
5949
5950
6866
7480
5949
5950
6060
6061
6867
7483
5953
5956
6252
5953
5955
5957
5959
5955
5956
6255
5957
5962
6911
5957
6257
6913
5964
6915
5960
5961
5960
5964
5963
6379
5962
5963
6381
5964
7015
5964
6383
7018
7019
5967
5968
5967
5971
6387
5970
7107
5969
5970
7109
5971
6388
7092
5971
7095
7111
6390
7096
5974
5975
5974
5978
7164
5977
7212
5976
5977
7214
5978
7113
7165
5978
7116
7216
7117
7167
5981
5982
5981
5985
7143
5984
6008
5983
5984
6010
5985
7022
7144
5985
6012
7025
7026
7146
5988
5989
5988
5992
6009
5991
7254
5990
5991
7256
5992
6011
7043
5992
7046
7258
6013
7047
5995
5997
5995
5998
6002
5999
7008
5997
5998
6004
5999
7010
7050
5999
6006
7053
7013
7054
6002
6004
6002
6005
7136
6006
6004
6005
7137
6006
7036
6006
7039
7139
7040
6009
6011
6009
6012
6013
6011
6012
6013
7029
6013
7032
7033
6015
6018
6743
6016
6019
6161
6020
6018
6020
6746
6019
6164
6747
6020
6165
6023
6024
6023
6027
6026
6406
6025
6026
6407
6027
6027
6410
6030
6032
6030
6033
6168
6034
6694
7387
6032
6033
6171
6034
7389
6034
6172
6696
6698
7391
6037
6039
6841
6037
6040
6141
6041
6842
6039
6040
6144
6041
6845
6041
6145
6846
6044
6046
6044
6047
7178
6048
6127
6046
6047
7179
6048
6130
6048
7181
6132
6050
6053
6051
6054
6742
6055
6053
6055
6054
6745
6055
6746
6057
6060
6058
6061
7351
6062
7352
6060
6062
6061
6062
7355
7356
6065
6067
6065
6068
6069
6067
6068
6069
6069
6071
6074
6072
6075
6076
6226
6074
6076
6228
6075
6076
6230
6079
6081
6079
6082
6686
6083
6081
6082
6689
6083
6083
6690
6085
6088
6086
6089
6090
6926
6088
6090
6928
6089
6090
6930
6092
6093
6095
6096
6484
6097
7386
6096
6097
6486
6096
6097
7389
6488
7390
6099
6102
6100
6103
6497
6104
6499
6620
6102
6104
6621
6103
6104
6501
6503
6622
6107
6109
6107
6110
6301
6111
6109
6110
6304
6111
6111
6305
6113
6116
6114
6117
6118
6116
6118
6117
6118
6120
6123
7198
6121
6124
7199
6125
6823
7470
6123
6125
6824
6124
7201
6125
7202
7473
6825
7474
6128
6129
6128
6132
6131
6799
6130
6131
6801
6132
6132
6803
6135
6137
6135
6138
6651
6139
6728
6137
6138
6654
6139
6139
6655
6731
6732
6141
6144
6142
6145
6146
6144
6146
6145
6146
6149
6151
6149
6152
6153
7248
6151
6152
6153
6153
7249
7252
6156
6158
6156
6159
6330
6160
6158
6159
6333
6160
6160
6334
6162
6165
6163
6166
6167
6401
6165
6167
6166
6167
6402
6405
6169
6172
6170
6173
6217
6225
6174
6226
6172
6174
6173
6220
6174
6221
6229
6230
6177
6179
6177
6180
6268
6181
6959
6179
6180
6269
6181
6961
6181
6271
6964
6184
6186
6274
6184
6187
6188
6449
6186
6187
6277
6188
6278
6188
6451
6453
6191
6193
6191
6194
6290
6195
6291
6193
6194
6195
6195
6292
6293
6197
6200
6463
6198
6201
6849
6932
6202
6897
6933
6200
6202
6466
6899
6201
6467
6850
6202
6853
6936
6901
6937
6204
6205
6207
6208
6351
6209
6519
7003
6208
6209
6353
7006
6208
6209
6521
6355
6523
7007
6212
6216
6212
6213
6215
7008
6214
6215
7009
6216
6469
6216
6472
7012
6473
6219
6221
6219
6222
6693
6223
7183
6221
6222
6696
6223
6223
6697
7186
7187
6226
6228
6226
6229
6230
6228
6229
6230
6230
6232
6235
6233
6236
6237
6973
7414
6235
6237
6976
6236
6237
7417
6977
7418
6240
6242
7183
6240
6243
6896
6244
6898
7185
6242
6243
6244
7187
6244
6900
6902
7189
6246
6247
6249
6250
6251
7309
6250
6251
7312
6250
6251
7313
6254
6257
6254
6256
6258
6256
6257
6258
7260
6258
7263
7264
6261
6263
6261
6264
6534
6265
6295
6263
6264
6535
6265
6298
6265
6537
6300
6268
6269
6268
6272
6415
6271
6270
6271
6272
6417
6771
6272
6773
6419
6775
6274
6277
6275
6278
6279
6400
6665
6277
6279
6403
6278
6279
6668
6404
6669
6282
6283
6282
6286
6289
6285
6806
6284
6285
6808
6286
6291
6286
6810
6293
6289
6292
7505
6289
6291
6293
6291
6292
7509
6293
6293
7511
6296
6297
6296
6300
6299
6813
6298
6299
6815
6300
6300
6817
6303
6305
6770
6303
6306
6307
6772
6305
6306
6307
6774
6307
6776
6310
6312
6310
6313
7002
6314
6350
6312
6313
7005
6314
6314
6353
7006
6354
6316
6319
6317
6320
6321
6450
6974
6319
6321
6452
6320
6321
6976
6454
6978
6323
6326
6324
6327
6995
6328
6326
6328
6327
6997
6328
6999
6330
6333
6331
6334
6335
7415
7429
6333
6335
7417
6334
6335
7431
7419
7433
6338
6339
6338
6342
7255
6341
6547
6340
6341
6470
6550
6342
6471
7257
6342
6474
6552
6475
7259
6345
6347
6345
6348
6349
6603
6946
6347
6348
6349
6948
6349
6605
6607
6950
6352
6354
6352
6355
6356
7316
6354
6355
6356
7319
6356
7320
6359
6361
6359
6362
6786
6363
6512
6361
6362
6787
6363
6514
6939
6363
6789
6941
6516
6943
6366
6367
6366
6370
6527
6369
6368
6369
6370
6529
7435
6370
7438
6531
7439
6373
6375
6373
6376
7218
6377
7058
6375
6376
7219
6377
6827
7060
6377
6829
7222
6831
7062
6380
6382
6380
6383
6384
7065
6382
6383
6384
7067
7267
6384
7270
7069
7271
6387
6388
6387
6391
7073
6390
6389
6390
7274
6391
7074
7275
6391
7278
7076
7279
6393
6396
6394
6397
6980
6398
6498
7422
6396
6398
6501
6397
6983
6398
6984
7424
6502
7426
6400
6403
6401
6404
6405
6403
6405
6404
6405
6410
6412
7100
6408
6410
6409
6411
7330
6412
7102
7331
6411
6412
7334
7104
7335
6415
6417
6415
6418
6597
6419
6417
6418
6598
6419
6419
6600
6422
6424
6422
6425
6959
6426
7086
6424
6425
6960
6426
7088
6426
6963
7090
6429
6430
6429
6433
6807
6432
7302
6431
6432
7303
6433
6638
6809
6433
6640
7306
6642
6811
6436
6437
6436
6440
7080
6439
7218
6438
6439
6875
7220
6440
6876
7081
6440
6879
7223
6880
7083
6442
6445
6443
6446
7456
6447
6599
7457
6445
6447
6600
6446
6447
7460
6601
7461
6450
6452
6450
6453
6454
7338
6452
6453
6454
6454
7340
7342
6457
6460
6616
6457
6459
6461
7344
6459
6460
6619
6461
7345
6461
6621
7348
6463
6466
7184
6464
6467
6938
6468
6695
6940
6466
6468
6697
7186
6467
7188
6468
6942
6699
6944
6470
6473
6471
6474
6475
6473
6475
6474
6475
6477
6480
6478
6481
6482
6869
6480
6482
6872
6481
6482
6873
6484
6485
6487
6488
6489
6683
6488
6489
6684
6488
6489
6685
6492
6494
6492
6495
6896
6496
6897
6933
6494
6495
6496
6934
6496
6900
6901
6937
6498
6499
6501
6502
7115
6503
7215
6502
6503
7116
7216
6502
6503
7119
7217
6506
6507
6506
6510
6513
6509
6508
6509
6510
6515
6722
6510
6724
6517
6726
6513
6515
6513
6516
6517
6515
6516
6847
6517
6848
6517
6851
6852
6519
6520
6522
6687
7442
6523
6688
6524
6905
7444
6523
6524
6908
6523
6524
6691
7446
6692
6909
7448
6527
6529
6527
6530
6646
6531
6529
6530
6648
7246
6531
7247
6531
6650
7250
7251
6534
6535
6534
6538
6800
6537
6536
6537
6538
6802
6538
6804
6541
6544
6541
6543
6545
6543
6544
6545
6954
6545
6955
6958
6548
6549
6548
6552
6551
6820
6550
6551
6822
6552
6552
6824
6556
6557
6557
6558
6556
6558
6559
7079
6559
7302
6559
7082
7305
7084
7308
6563
6564
6564
6565
7057
6563
6565
6566
7163
6566
7059
6566
7061
7166
7063
7168
6570
6571
6570
6572
6571
6572
6573
7295
6573
7072
6573
7075
7298
7077
7301
6577
6578
6578
6579
7064
6577
6579
6580
7156
6580
7066
6580
7068
7159
7070
7161
6584
6585
6585
6586
7169
6584
6586
7085
6587
7087
6587
7171
6587
7089
7173
7091
7175
6591
6592
6591
6593
6592
6593
7099
6594
7177
6594
7101
6594
7103
7180
7105
7182
6597
6598
6597
6601
6660
6600
6599
6600
6601
6662
6601
6664
6604
6606
7428
6604
6607
7400
6608
7401
7430
6606
6607
6608
7432
6608
7404
7405
7434
6611
6613
6611
6614
6615
7197
6613
6614
6615
6764
7200
6615
6766
6768
7203
6618
6621
6618
6620
7211
6622
7213
6620
6621
6622
7215
6622
7217
6626
6627
6626
6628
6627
6628
6629
7372
6629
7142
6629
7145
7375
7147
7378
6633
6634
6634
6635
7379
6633
6635
6636
7135
6636
7381
6636
7138
7383
7140
7385
6638
6639
6641
6995
6642
6643
6877
6996
6642
6643
6878
6642
6643
6999
6881
7000
6646
6648
6646
6649
6779
6650
6648
6649
6780
6650
6650
6782
6653
6655
6653
6656
6657
6730
6655
6656
6657
6731
6657
6734
6660
6662
6660
6663
6716
6664
6662
6663
6717
6664
7457
6664
6719
7459
7461
6666
6669
6667
6670
6673
6671
6674
6669
6671
6670
6671
6677
6678
6673
6676
6674
6677
7240
6678
6676
6678
6677
7242
6678
7244
6681
6682
6681
6685
6814
6684
6683
6684
6685
6816
6685
6818
6688
6690
6688
6691
6729
6692
7003
6690
6691
6732
6692
7004
6692
6733
7007
6695
6697
6695
6698
6966
6699
6967
6697
6698
6699
6699
6970
6971
6702
6704
6702
6705
6706
6744
6704
6705
6706
6745
6706
6748
6708
6711
6709
6712
7149
6713
6953
6711
6713
6956
6712
7151
6713
7153
6957
6716
6717
6716
6720
6821
6719
6718
6719
6720
6823
7393
6720
7396
6825
7397
6723
6725
6931
6723
6726
6848
6727
6849
6932
6725
6726
6727
6935
6727
6852
6853
6936
6729
6732
6730
6733
7442
6734
7443
6732
6734
6733
6734
7446
7447
6737
6738
6737
6741
7192
6740
6749
6739
6740
6751
6918
6741
6919
7194
6741
6754
6922
6923
7196
6743
6746
6744
6747
6748
6746
6748
6747
6748
6753
6754
6752
6753
6752
6754
6755
6755
6755
6758
6759
6758
6762
7344
6761
6760
6761
6762
7241
7347
6762
7242
7245
7350
6764
6765
6767
7199
6768
7200
6769
7472
6768
6769
6768
6769
7202
7473
7203
7476
6772
6774
6772
6775
6776
6774
6775
6776
6776
6779
6780
6779
6783
6835
6782
6781
6782
6783
6837
7464
6783
7466
6839
7468
6786
6787
6786
6790
7325
6789
6788
6789
6790
6968
7327
6790
6969
6972
7329
6792
6793
6795
7207
6796
7443
6797
7208
7228
6796
6797
7230
7445
6796
6797
7209
7447
7210
7231
6800
6802
6800
6803
6804
6802
6803
6804
6804
6807
6809
6807
6810
6811
6809
6810
6811
6811
6814
6816
6814
6817
6818
6816
6817
6818
6818
6821
6823
6821
6824
6825
6823
6824
6825
6825
6827
6828
6830
7281
7421
6831
7282
6832
7423
7500
6831
6832
7501
6831
6832
7285
7425
7286
7427
7504
6835
6837
6835
6838
6856
6839
6837
6838
6857
6839
7484
6839
6859
7487
7488
6842
6844
6842
6845
6846
6844
6845
6846
6846
6848
6851
6939
6849
6852
6853
6851
6853
6942
6852
6943
6853
6856
6857
6856
6860
6863
6859
6858
6859
6860
6865
7351
6860
7354
6867
7355
6863
6865
6863
6866
6884
6867
6865
6866
6885
6867
6867
6887
6869
6872
6870
6873
7408
6874
7409
6872
6874
6873
6874
7412
7413
6876
6877
6879
6987
6880
7304
6881
6988
6880
6881
7306
6880
6881
6991
7307
6992
6884
6885
6884
6888
7122
6887
6886
6887
6888
7124
7478
6888
7480
7126
7482
6890
6891
6893
7016
7449
6894
7017
7093
6895
7110
7450
6894
6895
7095
7111
6894
6895
7020
7453
7021
7097
7112
7454
6897
6898
6900
6901
6902
7185
6901
6902
7188
6901
6902
7189
6905
6907
7227
6905
6908
6909
7444
6907
6908
7229
6909
7230
7445
6909
7448
6912
6914
7261
6912
6915
7015
6916
7016
7449
6914
6915
7263
6916
7265
7452
6916
7019
7020
7453
6919
6921
7193
6919
6922
6923
7194
6921
6922
6923
7195
6923
7196
6926
6928
6926
6929
6930
6928
6929
6930
6930
6932
6935
6933
6936
6937
6935
6937
6936
6937
6939
6940
6942
6943
6944
6967
6943
6944
6969
6943
6944
6971
6947
6949
7337
6947
6950
7400
6951
7339
7402
6949
6950
6951
7341
6951
7404
7343
7406
6953
6956
6954
6957
6958
6956
6958
6957
6958
6963
6964
6962
6963
6962
6964
6965
6965
6965
6967
6968
6970
7387
6971
6972
7388
6971
6972
6971
6972
7391
7392
6975
6977
6975
6978
7338
6979
7339
7402
6977
6978
6979
7403
6979
7342
7343
7406
6982
6984
7498
6982
6985
6994
6986
6989
7499
6984
6985
6997
6986
7502
6986
6990
6998
6993
7503
6988
6989
6991
7220
6992
6996
6993
7221
6992
6993
6998
6992
6993
7223
7000
7224
6996
6998
6996
6999
7000
6998
6999
7000
7000
7002
7005
7003
7006
7007
7005
7007
7006
7007
7012
7013
7011
7012
7011
7013
7050
7014
7052
7014
7014
7054
7056
7016
7019
7017
7020
7021
7268
7019
7021
7270
7020
7021
7272
7023
7026
7373
7024
7027
7365
7374
7028
7031
7366
7026
7028
7032
7027
7376
7028
7369
7377
7035
7370
7030
7033
7043
7031
7034
7037
7044
7035
7038
7033
7035
7034
7047
7035
7041
7048
7042
7037
7040
7038
7041
7051
7042
7366
7040
7042
7368
7041
7053
7042
7055
7370
7044
7047
7045
7048
7051
7049
7052
7047
7049
7048
7049
7055
7056
7052
7054
7052
7055
7056
7054
7055
7056
7056
7059
7061
7059
7062
7063
7061
7062
7282
7063
7283
7063
7286
7287
7066
7068
7066
7069
7070
7068
7069
7288
7070
7290
7070
7292
7294
7073
7074
7073
7077
7076
7075
7076
7297
7077
7298
7077
7300
7301
7080
7081
7080
7084
7083
7082
7083
7304
7084
7305
7084
7307
7308
7087
7089
7087
7090
7091
7089
7090
7310
7091
7311
7091
7314
7315
7094
7096
7274
7094
7097
7268
7098
7269
7276
7096
7097
7098
7278
7098
7272
7273
7280
7101
7103
7101
7104
7105
7103
7104
7331
7105
7332
7105
7335
7336
7108
7110
7108
7111
7112
7121
7110
7111
7112
7123
7112
7125
7114
7117
7115
7118
7281
7421
7119
7422
7117
7119
7118
7284
7119
7285
7425
7426
7122
7124
7122
7125
7126
7124
7125
7450
7126
7451
7126
7454
7455
7129
7131
7346
7129
7132
7239
7133
7241
7347
7131
7132
7133
7349
7133
7243
7245
7350
7136
7137
7136
7140
7139
7138
7139
7140
7367
7140
7368
7371
7143
7144
7143
7147
7146
7145
7146
7373
7147
7375
7147
7376
7378
7150
7152
7463
7150
7153
7154
7465
7493
7152
7153
7154
7467
7154
7494
7469
7497
7157
7158
7157
7161
7160
7295
7159
7160
7296
7161
7290
7161
7291
7299
7294
7164
7165
7164
7168
7167
7166
7167
7168
7283
7168
7284
7287
7171
7173
7171
7174
7175
7173
7174
7175
7311
7175
7312
7315
7178
7179
7178
7182
7181
7180
7181
7182
7332
7182
7333
7336
7185
7187
7185
7188
7189
7187
7188
7189
7189
7192
7194
7192
7195
7196
7194
7195
7196
7196
7201
7203
7199
7201
7200
7202
7203
7202
7203
7206
7210
7225
7206
7207
7209
7208
7209
7210
7228
7210
7231
7213
7215
7213
7216
7217
7215
7216
7217
7217
7222
7223
7221
7222
7221
7223
7224
7499
7224
7501
7224
7503
7229
7231
7227
7229
7228
7230
7231
7230
7231
7233
7234
7236
7237
7238
7437
7237
7238
7438
7237
7238
7441
7240
7241
7243
7244
7245
7244
7245
7244
7245
7247
7250
7248
7251
7435
7252
7436
7250
7252
7251
7252
7439
7440
7255
7257
7255
7258
7259
7257
7258
7259
7259
7262
7264
7262
7265
7477
7266
7479
7264
7265
7266
7266
7481
7483
7269
7271
7288
7269
7272
7273
7289
7271
7272
7273
7292
7273
7293
7275
7276
7278
7279
7297
7280
7289
7279
7280
7291
7299
7279
7280
7300
7293
7282
7285
7283
7286
7287
7285
7287
7286
7287
7289
7290
7292
7293
7294
7293
7294
7293
7294
7299
7301
7297
7299
7298
7300
7301
7300
7301
7306
7308
7304
7306
7305
7307
7308
7307
7308
7310
7313
7311
7314
7315
7313
7315
7314
7315
7318
7320
7318
7321
7456
7322
7359
7458
7320
7321
7322
7361
7322
7460
7363
7462
7325
7327
7325
7328
7329
7327
7328
7386
7329
7388
7329
7390
7392
7331
7334
7332
7335
7336
7334
7336
7335
7336
7339
7341
7339
7342
7343
7341
7342
7343
7343
7348
7350
7346
7348
7347
7349
7407
7350
7349
7410
7350
7411
7352
7355
7353
7356
7491
7357
7485
7492
7355
7357
7487
7356
7357
7495
7489
7496
7359
7360
7362
7394
7471
7363
7395
7364
7472
7363
7364
7363
7364
7398
7475
7399
7476
7366
7367
7369
7382
7370
7371
7383
7370
7371
7370
7371
7384
7385
7377
7378
7380
7374
7375
7376
7377
7382
7378
7377
7378
7384
7381
7383
7381
7384
7385
7383
7384
7385
7385
7388
7390
7388
7391
7392
7390
7391
7392
7392
7394
7397
7470
7395
7398
7471
7399
7458
7397
7399
7459
7398
7474
7399
7475
7462
7401
7402
7404
7405
7416
7406
7405
7406
7418
7405
7406
7420
7409
7411
7409
7412
7413
7411
7412
7413
7413
7416
7418
7416
7419
7429
7420
7430
7418
7419
7420
7420
7433
7434
7422
7423
7425
7426
7427
7500
7426
7427
7502
7426
7427
7504
7430
7432
7430
7433
7434
7432
7433
7434
7434
7436
7439
7437
7440
7441
7439
7441
7440
7441
7443
7444
7446
7447
7448
7447
7448
7447
7448
7450
7453
7451
7454
7455
7478
7453
7455
7481
7454
7455
7482
7457
7458
7460
7461
7462
7461
7462
7461
7462
7465
7467
7465
7468
7484
7469
7486
7467
7468
7469
7469
7488
7490
7471
7474
7472
7475
7476
7474
7476
7475
7476
7478
7479
7481
7482
7483
7482
7483
7482
7483
7486
7488
7486
7489
7492
7490
7493
7488
7489
7490
7490
7496
7497
7492
7495
7493
7496
7497
7495
7497
7496
7497
7499
7500
7502
7503
7504
7503
7504
7503
7504
7507
7511
7507
7508
7510
7509
7510
7511
7511
)


// ************************************************************************* //
