/*--------------------------------*- C++ -*----------------------------------*\
| =========                 |                                                 |
| \\      /  F ield         | OpenFOAM: The Open Source CFD Toolbox           |
|  \\    /   O peration     | Version:  1912                                  |
|   \\  /    A nd           | Website:  www.openfoam.com                      |
|    \\/     M anipulation  |                                                 |
\*---------------------------------------------------------------------------*/
FoamFile
{
    version     2.0;
    format      ascii;
    class       labelList;
    note        "nPoints:4143  nCells:2552  nFaces:9140  nInternalFaces:6172";
    location    "constant/solid/polyMesh";
    object      neighbour;
}
// * * * * * * * * * * * * * * * * * * * * * * * * * * * * * * * * * * * * * //


6172
(
79
320
321
322
1106
326
327
329
1544
30
334
335
336
1302
111
341
342
343
432
347
349
350
900
1145
293
355
356
357
1085
166
361
362
364
1456
32
369
370
371
1855
64
135
375
376
378
307
382
383
385
1195
133
389
390
392
170
397
398
399
2049
403
404
406
1719
35
411
412
413
1323
312
418
419
420
1687
232
424
425
427
700
53
431
432
434
1580
83
438
439
441
515
227
445
447
448
866
213
452
453
455
1218
120
460
461
462
1589
466
467
469
1404
41
474
475
476
1841
210
480
481
484
487
488
491
1103
130
494
496
497
865
502
503
504
1463
2000
82
509
510
511
1064
56
515
517
518
663
199
522
524
525
558
530
531
532
1575
203
536
538
539
2548
544
545
546
1337
73
235
550
551
553
71
180
557
558
559
565
566
567
1848
571
573
574
627
942
189
578
579
581
732
105
585
586
588
1090
592
594
595
1152
2272
117
599
600
602
1498
607
608
609
1169
578
613
615
616
648
91
620
621
623
1348
72
627
628
630
635
129
634
635
637
1110
68
641
642
644
1201
204
648
649
651
733
655
657
658
662
851
662
664
665
718
907
206
329
670
671
672
94
628
676
678
679
683
684
686
928
1173
690
691
693
278
697
698
700
63
704
706
707
719
655
711
712
714
718
719
721
753
1117
212
424
725
727
728
152
239
732
733
735
571
739
741
742
1355
78
746
748
749
1741
173
684
753
755
756
754
760
761
763
767
768
770
795
88
774
775
776
2546
690
781
782
783
1293
108
788
790
791
810
795
797
798
1055
788
802
803
805
1194
123
809
810
812
831
816
817
819
823
825
826
1111
830
831
833
1271
149
837
839
840
1516
223
803
844
846
847
147
851
852
854
908
234
704
858
859
861
536
865
867
868
483
872
873
875
880
881
882
1440
1705
264
746
886
887
889
893
895
896
1447
712
900
902
903
246
907
908
910
1118
171
495
914
915
917
126
922
923
924
1783
137
768
928
930
931
935
936
938
167
634
942
943
945
160
641
949
950
952
852
956
957
959
198
963
965
966
1222
267
649
970
972
973
823
977
979
980
314
985
986
987
1904
139
991
992
994
992
998
999
1002
1005
1006
1009
1425
1012
1013
1016
2202
1019
1020
1023
2181
1026
1027
1030
1047
1033
1034
1036
1040
1040
1041
1043
2174
1019
1047
1048
1050
1054
1056
1057
1782
466
1061
1062
1065
127
977
1068
1069
1071
1075
1076
1078
1180
1082
1083
1085
2216
775
938
1089
1091
1092
693
1096
1098
1099
480
1103
1104
1106
949
1110
1112
1113
1264
201
683
1117
1118
1120
572
1124
1126
1127
1964
172
406
1132
1133
1134
1138
1140
1141
1659
146
711
1145
1146
1148
382
802
1152
1154
1155
1159
1161
1162
1862
1082
1166
1167
1170
196
767
1173
1174
1176
550
1180
1182
1183
613
970
1187
1188
1190
809
1194
1195
1197
1369
1054
1201
1203
1204
824
1208
1210
1211
1215
1216
1218
1306
1222
1223
1225
1313
537
1229
1230
1232
231
1236
1238
1239
1502
153
1244
1245
1246
2042
1250
1251
1254
202
1208
1257
1258
1260
642
1264
1265
1267
242
739
1271
1273
1274
375
1278
1279
1281
290
490
1286
1287
1288
1292
1293
1295
1299
1300
1302
1572
1306
1307
1310
1453
950
1313
1315
1316
1439
1320
1321
1324
1328
318
1327
1328
1330
1299
1334
1335
1338
656
1341
1342
1344
1348
1349
1351
2041
943
1355
1357
1358
1488
915
1362
1364
1365
305
830
1369
1371
1372
1376
1377
1380
2293
559
1383
1384
1386
1349
1390
1391
1393
1397
1398
1400
1824
1404
1405
1408
1565
277
1411
1412
1414
998
1418
1419
1421
1425
1426
1429
2111
838
1432
1434
1435
1537
1202
1439
1441
1442
260
1061
1446
1447
1449
1453
1454
1456
1635
240
1460
1461
1463
1467
1468
1471
1845
1474
1475
1478
2118
1481
1483
1484
1638
1223
1488
1489
1491
191
1495
1496
1498
272
1502
1504
1505
1733
1253
1509
1511
1512
1516
1518
1519
1908
1524
1525
1526
1722
929
1530
1531
1533
262
1538
1539
1540
2254
1544
1545
1548
1551
1397
1551
1552
1554
1243
1559
1560
1561
1944
1565
1566
1568
1684
1572
1573
1576
1838
1579
1580
1582
1376
1586
1587
1590
1593
1594
1595
1600
1601
1602
1607
1608
1609
1614
1615
1616
1621
1622
1623
1628
1629
1630
1635
1636
1639
1698
1384
1642
1643
1645
698
1649
1650
1652
1656
1657
1659
1663
1664
1665
1670
1671
1672
228
1470
1678
1679
1680
1684
1685
1687
1817
796
1691
1692
1694
1698
1699
1701
1754
1314
1705
1707
1708
819
1712
1714
1715
1719
1720
1723
1852
1726
1727
1729
1768
1069
1733
1734
1736
776
1740
1741
1743
1747
1749
1750
1992
1754
1755
1758
1859
1547
1761
1762
1764
1174
1691
1768
1770
1771
1775
1776
1779
2230
1089
1740
1782
1784
1785
1775
1789
1790
1791
295
1796
1797
1800
1652
1804
1805
1806
1309
1810
1811
1813
1817
1818
1821
1873
1824
1825
1828
2363
309
1832
1833
1834
2267
1166
1838
1839
1841
1320
1845
1846
1848
1334
1852
1853
1855
1586
1859
1860
1862
317
1414
1867
1868
1869
1873
1874
1876
1894
789
1880
1881
1883
1236
1887
1889
1890
1978
1894
1895
1898
1901
1901
1902
1904
1922
494
1908
1910
1911
1916
1917
1918
2343
1922
1923
1926
2160
259
1930
1931
1932
2149
1937
1938
1939
2224
1943
1944
1946
2266
283
994
1950
1951
1953
669
1957
1958
1960
740
1964
1965
1967
760
1530
1971
1973
1974
241
1400
1979
1980
1981
522
1383
1985
1986
1988
1582
1992
1994
1995
1215
1999
2000
2001
1827
2007
2008
2009
1356
2013
2014
2016
245
1432
2020
2021
2023
2021
2028
2029
2030
2034
1362
2034
2035
2037
1726
2041
2043
2044
1033
1251
2048
2049
2050
284
1001
2055
2057
2058
250
1022
2062
2064
2065
1050
2069
2071
2072
298
1043
2076
2078
2079
396
1029
2083
2085
2086
1036
2076
2090
2091
2093
1411
2097
2098
2100
1418
2104
2105
2107
1609
2111
2112
2115
1595
2118
2119
2122
1460
2125
2126
2128
1008
2132
2133
2135
2139
2140
2142
1005
2146
2147
2149
1015
2153
2155
2156
2146
2160
2161
2163
445
2167
2168
2170
1672
2174
2175
2178
1665
2181
2182
2185
1747
2188
2189
2191
1616
2195
2196
2199
1602
2202
2203
2206
487
2209
2210
2212
1629
2216
2217
2220
1258
2223
2224
2226
326
2230
2231
2233
390
1649
2237
2238
2240
278
2244
2245
2248
1012
2251
2252
2254
1474
2258
2259
2260
2265
2266
2268
308
469
2273
2274
2275
1712
1799
2280
2281
2282
417
1188
2286
2288
2289
1026
2293
2294
2296
1295
2300
2301
2303
1421
2307
2308
2310
287
2315
2316
2317
2336
2153
2205
2321
2323
2324
2198
2329
2330
2331
1608
2195
2335
2336
2338
1467
1594
2342
2343
2345
2212
2349
2351
2352
620
1390
2356
2357
2359
403
2363
2364
2366
2219
2370
2372
2373
963
1489
2377
2378
2380
1496
2384
2385
2387
315
1897
2391
2393
2394
726
2356
2399
2400
2401
2177
2406
2407
2408
300
1664
2412
2414
2415
2419
2420
2422
1068
1131
2426
2427
2429
311
1757
2433
2435
2436
2013
2441
2442
2443
2454
599
2385
2447
2448
2450
1272
2454
2455
2457
1433
2462
2463
2464
2538
1370
2468
2469
2471
1407
2475
2477
2478
1943
2483
2484
2485
1950
2489
2491
2492
2517
1701
2497
2498
2499
1820
2503
2504
2506
1160
1803
2510
2512
2513
1925
2518
2519
2520
1876
2524
2525
2527
340
2189
2531
2533
2534
2259
2539
2540
2541
2545
2546
2549
320
321
323
901
1285
324
872
902
325
1107
1286
324
325
875
1108
324
325
905
1289
876
906
1109
1290
328
330
328
331
1546
332
2231
330
331
1547
332
671
2233
332
672
1549
675
2235
334
335
337
543
551
338
544
1303
339
530
552
338
339
532
1304
338
339
547
555
548
1305
534
556
341
342
344
1748
345
433
1749
346
1098
2531
345
346
435
1099
345
346
1752
2534
436
1753
1102
2535
348
351
901
1285
349
352
501
1287
353
503
1147
351
353
904
1149
352
905
1289
353
505
1291
507
1151
355
356
358
606
894
359
895
2370
360
607
1086
359
360
1087
2373
359
360
610
898
899
2374
611
1088
363
365
956
1481
363
366
1457
1811
367
958
1812
365
366
1458
1484
367
960
1485
367
1459
1815
962
1816
369
370
372
1125
1523
373
1525
1856
374
545
1126
373
374
546
1857
373
374
1129
1527
1529
1858
549
1130
377
379
768
377
380
1257
1265
381
1259
1278
379
380
770
1267
381
772
1281
381
1261
1269
1263
1282
384
386
1196
384
387
579
2468
388
580
1154
386
387
1199
2471
388
1155
1200
388
583
2472
584
1158
391
394
1250
391
393
395
2237
393
394
459
1254
395
460
2238
395
463
1256
464
2241
397
398
400
2296
401
1511
2297
402
2051
2085
401
402
1512
2052
401
402
2086
2298
1515
2299
2054
2089
405
407
405
408
1721
409
2364
407
408
1722
409
1133
2366
409
1134
1724
1137
2368
411
412
414
914
1229
415
1231
1324
416
565
916
415
416
567
1325
415
416
918
1233
1235
1326
569
920
418
419
421
971
422
972
2503
423
1688
2286
422
423
1689
2506
422
423
975
2289
976
2507
1690
2290
426
428
701
426
429
1243
1944
430
725
1244
428
429
702
1946
430
703
728
430
1247
1948
729
1248
435
437
691
1581
433
435
693
434
436
1993
437
1583
1994
436
695
437
1997
1585
1998
440
442
516
858
440
443
872
902
444
860
874
442
443
519
903
444
520
862
444
876
906
864
878
446
449
867
447
450
2167
2447
451
1910
2449
449
451
870
1911
450
871
2170
451
2171
2451
1914
2453
454
456
1146
1810
454
457
1219
2001
458
1147
2002
456
457
1220
1813
458
1150
1814
458
1221
2004
1151
2005
460
461
463
1509
464
1159
465
1510
1590
464
465
1162
1591
464
465
1513
1163
1514
1592
468
470
468
471
1406
472
1062
470
471
1407
472
1065
2273
472
1409
2275
1067
2277
474
475
477
529
1076
478
531
1842
479
608
1077
478
479
609
1843
478
479
533
1080
535
1844
612
1081
482
483
482
486
1789
485
1104
484
485
1106
486
873
1790
486
875
1108
877
1793
489
490
489
493
1105
492
2210
491
492
2212
493
1107
1286
493
1288
2214
1109
1290
495
498
866
496
499
1908
500
914
1229
498
500
869
1232
499
870
1911
500
917
1912
918
1233
502
503
505
2349
506
1464
2350
507
2002
506
507
1465
2003
506
507
2353
1466
2354
2005
509
510
512
844
2272
513
845
893
514
1065
2273
513
514
896
1066
513
514
848
2276
849
897
1067
2277
516
519
712
517
520
705
521
664
706
519
521
667
714
520
716
521
709
668
710
523
526
560
524
527
964
1985
528
965
1714
526
528
561
1715
527
563
1988
528
968
1989
969
1718
530
531
533
1181
534
1182
535
1576
534
535
1577
534
535
1185
1186
1578
537
540
1741
538
541
865
542
1230
2549
540
542
1743
2550
541
868
1745
542
869
1232
1234
2551
544
545
547
1965
548
1338
549
1966
548
549
1339
548
549
1969
1340
1970
552
554
831
552
555
1965
556
1182
554
555
833
1967
556
835
1183
556
1969
1186
561
562
816
1579
560
561
819
560
562
1582
563
1383
563
821
563
1386
1584
1387
565
566
568
1363
1677
569
1364
570
1678
1849
569
570
1850
569
570
1367
1681
1368
1682
1851
572
575
944
573
576
741
577
629
1124
575
577
631
946
576
742
948
577
745
1127
633
1128
580
582
734
580
583
1642
584
615
582
583
736
1645
584
616
738
584
1646
619
587
589
1091
1831
587
590
1056
1692
591
1693
1832
589
590
1057
1094
591
1095
1835
591
1060
1696
1697
1836
593
596
1153
1187
594
597
1189
2476
598
2274
2477
596
598
1156
2276
597
1157
1191
598
1193
2480
2278
2481
601
603
1499
601
604
1138
1517
605
1518
2448
603
604
1141
1500
605
1501
2450
605
1142
1521
1522
2452
607
608
610
1880
611
1170
612
1882
611
612
1171
611
612
1884
1172
1886
614
617
650
615
618
1153
1187
619
1154
617
619
652
618
654
1190
619
1157
1191
1158
622
624
1350
622
625
956
1481
626
1482
2357
624
625
959
1352
626
1354
2359
626
960
1485
1486
2361
629
631
636
629
632
823
633
676
631
632
639
826
633
640
633
679
827
680
636
638
1223
636
639
1111
640
942
638
639
1114
1225
640
945
1227
640
1115
946
643
645
1202
643
646
795
647
949
1264
645
646
798
1205
647
952
1206
647
799
1267
953
1268
650
652
734
650
653
1747
654
970
652
653
737
1750
654
738
654
973
1751
974
656
659
663
657
660
711
661
853
1342
659
661
666
855
660
667
714
661
715
1344
857
1346
663
666
909
664
667
668
720
666
668
722
911
667
913
668
724
670
671
673
761
674
762
1761
675
1957
674
675
1764
674
675
765
1960
766
1765
1961
677
680
1124
678
681
1125
1523
682
979
1524
680
682
980
681
1128
682
1129
1527
983
1528
685
687
1175
685
688
929
689
753
1117
687
688
932
1177
689
1120
1179
689
756
933
757
1121
692
694
692
695
696
781
694
695
696
783
1096
696
1099
786
1100
699
702
2265
699
701
703
1650
701
702
2266
703
1652
703
2269
1654
705
708
761
706
709
858
710
720
708
710
723
763
709
765
861
710
862
724
713
715
713
716
717
900
1145
715
716
717
1148
717
903
904
1149
720
722
1119
720
723
754
724
722
723
757
1121
724
1123
724
758
726
729
1391
727
730
1392
731
1805
2400
729
731
1806
730
1395
731
1396
2401
1809
2404
734
736
1384
734
737
1992
738
736
737
1386
1995
738
1388
738
1996
740
743
1356
741
744
1271
745
1964
743
745
1359
744
1274
1360
745
1275
1967
1968
747
750
867
748
751
887
921
752
923
1742
750
752
868
1745
751
871
889
752
891
925
927
1746
754
757
755
758
759
760
1530
757
759
1533
758
759
763
764
1534
762
764
762
765
766
1971
764
765
766
1974
766
1975
769
771
796
769
772
773
928
1173
771
772
799
773
800
1176
773
931
932
1177
778
779
936
2547
777
778
938
777
779
2548
780
1089
1740
780
940
1092
780
1743
2550
1093
1744
785
786
1294
784
785
1296
2300
784
786
984
787
986
2302
787
1298
2304
787
988
990
2306
789
792
811
790
793
803
794
1075
1881
792
794
814
1078
793
805
815
794
807
1883
1079
1885
796
799
797
800
801
1056
1692
799
801
1059
800
801
1694
1060
1696
804
806
1196
804
807
808
844
1152
806
807
1198
808
1155
1200
808
847
848
1156
811
813
832
811
814
1180
815
1194
813
814
835
1183
815
836
1197
815
1184
1198
818
821
818
820
1796
822
1798
820
821
822
1712
1799
822
1715
1716
1801
824
827
825
828
977
829
1112
1210
827
829
1115
828
980
829
981
1211
1116
1214
832
834
1272
832
835
836
1369
834
835
1275
836
1276
1372
836
1373
838
841
1138
1517
839
842
1139
843
1362
1432
841
843
1365
1520
842
1142
1521
843
1143
1435
1366
1436
845
848
846
849
893
850
894
1880
848
850
1883
849
850
897
898
1884
853
855
909
853
856
1348
857
957
855
856
912
1351
857
913
857
959
1352
961
860
862
860
863
1791
1958
864
1792
862
863
1960
864
864
1794
1962
1795
866
869
867
870
871
869
871
870
871
874
876
874
877
1790
878
1792
876
877
878
878
1793
1795
880
881
883
887
921
884
922
1441
885
888
1706
884
885
1444
1709
884
885
891
925
926
1445
892
1710
888
890
2168
2279
888
891
892
2280
890
891
2170
892
2172
2283
892
2284
894
897
895
898
899
1448
897
899
1450
898
899
1451
901
904
902
905
906
904
906
905
906
909
911
1119
909
912
2041
913
911
912
1122
2044
913
1123
913
2045
916
918
916
919
1516
920
1364
918
919
1519
920
920
1365
1520
1368
922
923
925
926
1203
927
1784
926
927
1204
1787
926
927
1207
1788
929
932
930
933
934
1279
1531
932
934
1281
933
934
1533
1283
1535
937
939
2245
937
940
941
2246
939
940
941
1091
2247
941
1092
1095
2249
944
946
944
947
1488
948
1355
946
947
1491
948
948
1358
1492
1359
951
953
951
954
1439
955
1110
1313
953
954
1442
955
1113
955
1316
1443
1114
1317
958
960
958
961
1342
962
1343
960
961
962
962
1346
1347
964
967
1224
965
968
2377
969
1707
967
969
1226
1708
968
1228
2380
969
2381
1711
971
974
972
975
1188
976
2188
974
976
2191
975
1190
976
1192
2192
978
981
979
982
1068
1131
983
1132
981
983
982
1071
983
1072
1135
1136
985
986
988
1096
989
1097
1905
990
2519
989
990
1906
2520
989
990
1100
1101
1907
2523
993
996
1292
993
995
997
999
995
996
1295
997
1002
1951
997
1297
1953
1004
1955
1000
1001
1000
1004
1003
1419
1002
1003
1421
1004
2055
1004
1423
2058
2059
1007
1008
1007
1011
1427
1010
2147
1009
1010
2149
1011
1428
2132
1011
2135
2151
1430
2136
1014
1015
1014
1018
2204
1017
2252
1016
1017
2254
1018
2153
2205
1018
2156
2256
2157
2207
1021
1022
1021
1025
2183
1024
1048
1023
1024
1050
1025
2062
2184
1025
1052
2065
2066
2186
1028
1029
1028
1032
1049
1031
2294
1030
1031
2296
1032
1051
2083
1032
2086
2298
1053
2087
1035
1037
1035
1038
1042
1039
2048
1037
1038
1044
1039
2050
2090
1039
1046
2093
2053
2094
1042
1044
1042
1045
2176
1046
1044
1045
2177
1046
2076
1046
2079
2179
2080
1049
1051
1049
1052
1053
1051
1052
1053
2069
1053
2072
2073
1055
1058
1783
1056
1059
1201
1060
1058
1060
1786
1059
1204
1787
1060
1205
1063
1064
1063
1067
1066
1446
1065
1066
1447
1067
1067
1450
1070
1072
1070
1073
1208
1074
1734
2427
1072
1073
1211
1074
2429
1074
1212
1736
1738
2431
1077
1079
1881
1077
1080
1181
1081
1882
1079
1080
1184
1081
1885
1081
1185
1886
1084
1086
1084
1087
2218
1088
1167
1086
1087
2219
1088
1170
1088
2221
1172
1090
1093
1091
1094
1782
1095
1093
1095
1094
1785
1095
1786
1097
1100
1098
1101
2391
1102
2392
1100
1102
1101
1102
2395
2396
1105
1107
1105
1108
1109
1107
1108
1109
1109
1111
1114
1112
1115
1116
1266
1114
1116
1268
1115
1116
1270
1119
1121
1119
1122
1726
1123
1121
1122
1729
1123
1123
1730
1125
1128
1126
1129
1130
1966
1128
1130
1968
1129
1130
1970
1132
1133
1135
1136
1524
1137
2426
1136
1137
1526
1136
1137
2429
1528
2430
1139
1142
1140
1143
1537
1144
1539
1660
1142
1144
1661
1143
1144
1541
1543
1662
1147
1149
1147
1150
1341
1151
1149
1150
1344
1151
1151
1345
1153
1156
1154
1157
1158
1156
1158
1157
1158
1160
1163
2238
1161
1164
2239
1165
1863
2510
1163
1165
1864
1164
2241
1165
2242
2513
1865
2514
1168
1169
1168
1172
1171
1839
1170
1171
1841
1172
1172
1843
1175
1177
1175
1178
1691
1179
1768
1177
1178
1694
1179
1179
1695
1771
1772
1181
1184
1182
1185
1186
1184
1186
1185
1186
1189
1191
1189
1192
1193
2288
1191
1192
1193
1193
2289
2292
1196
1198
1196
1199
1370
1200
1198
1199
1373
1200
1200
1374
1202
1205
1203
1206
1207
1441
1205
1207
1206
1207
1442
1445
1209
1212
1210
1213
1257
1265
1214
1266
1212
1214
1213
1260
1214
1261
1269
1270
1217
1219
1217
1220
1308
1221
1999
1219
1220
1309
1221
2001
1221
1311
2004
1224
1226
1314
1224
1227
1228
1489
1226
1227
1317
1228
1318
1228
1491
1493
1231
1233
1231
1234
1330
1235
1331
1233
1234
1235
1235
1332
1333
1237
1240
1503
1238
1241
1889
1972
1242
1937
1973
1240
1242
1506
1939
1241
1507
1890
1242
1893
1976
1941
1977
1244
1245
1247
1248
1391
1249
1559
2043
1248
1249
1393
2046
1248
1249
1561
1395
1563
2047
1252
1256
1252
1253
1255
2048
1254
1255
2049
1256
1509
1256
1512
2052
1513
1259
1261
1259
1262
1733
1263
2223
1261
1262
1736
1263
1263
1737
2226
2227
1266
1268
1266
1269
1270
1268
1269
1270
1270
1272
1275
1273
1276
1277
2013
2454
1275
1277
2016
1276
1277
2457
2017
2458
1280
1282
2223
1280
1283
1936
1284
1938
2225
1282
1283
1284
2227
1284
1940
1942
2229
1286
1287
1289
1290
1291
2349
1290
1291
2352
1290
1291
2353
1294
1297
1294
1296
1298
1296
1297
1298
2300
1298
2303
2304
1301
1303
1301
1304
1574
1305
1335
1303
1304
1575
1305
1338
1305
1577
1340
1308
1309
1308
1312
1455
1311
1310
1311
1312
1457
1811
1312
1813
1459
1815
1314
1317
1315
1318
1319
1440
1705
1317
1319
1443
1318
1319
1708
1444
1709
1322
1323
1322
1326
1329
1325
1846
1324
1325
1848
1326
1331
1326
1850
1333
1329
1332
2545
1329
1331
1333
1331
1332
2549
1333
1333
2551
1336
1337
1336
1340
1339
1853
1338
1339
1855
1340
1340
1857
1343
1345
1810
1343
1346
1347
1812
1345
1346
1347
1814
1347
1816
1350
1352
1350
1353
2042
1354
1390
1352
1353
2045
1354
1354
1393
2046
1394
1356
1359
1357
1360
1361
1490
2014
1359
1361
1492
1360
1361
2016
1494
2018
1363
1366
1364
1367
2035
1368
1366
1368
1367
2037
1368
2039
1370
1373
1371
1374
1375
2455
2469
1373
1375
2457
1374
1375
2471
2459
2473
1378
1379
1378
1382
2295
1381
1587
1380
1381
1510
1590
1382
1511
2297
1382
1514
1592
1515
2299
1385
1387
1385
1388
1389
1643
1986
1387
1388
1389
1988
1389
1645
1647
1990
1392
1394
1392
1395
1396
2356
1394
1395
1396
2359
1396
2360
1399
1401
1399
1402
1826
1403
1552
1401
1402
1827
1403
1554
1979
1403
1829
1981
1556
1983
1406
1407
1406
1410
1567
1409
1408
1409
1410
1569
2475
1410
2478
1571
2479
1413
1415
1413
1416
2258
1417
2098
1415
1416
2259
1417
1867
2100
1417
1869
2262
1871
2102
1420
1422
1420
1423
1424
2105
1422
1423
1424
2107
2307
1424
2310
2109
2311
1427
1428
1427
1431
2113
1430
1429
1430
2314
1431
2114
2315
1431
2318
2116
2319
1433
1436
1434
1437
2020
1438
1538
2462
1436
1438
1541
1437
2023
1438
2024
2464
1542
2466
1440
1443
1441
1444
1445
1443
1445
1444
1445
1450
1452
2140
1448
1450
1449
1451
2370
1452
2142
2371
1451
1452
2374
2144
2375
1455
1457
1455
1458
1637
1459
1457
1458
1638
1459
1459
1640
1462
1464
1462
1465
1999
1466
2126
1464
1465
2000
1466
2128
1466
2003
2130
1469
1470
1469
1473
1847
1472
2342
1471
1472
2343
1473
1678
1849
1473
1680
2346
1682
1851
1476
1477
1476
1480
2120
1479
2258
1478
1479
1915
2260
1480
1916
2121
1480
1919
2263
1920
2123
1482
1485
1483
1486
2496
1487
1639
2497
1485
1487
1640
1486
1487
2500
1641
2501
1490
1492
1490
1493
1494
2378
1492
1493
1494
1494
2380
2382
1497
1500
1656
1497
1499
1501
2384
1499
1500
1659
1501
2385
1501
1661
2388
1503
1506
2224
1504
1507
1978
1508
1735
1980
1506
1508
1737
2226
1507
2228
1508
1982
1739
1984
1510
1513
1511
1514
1515
1513
1515
1514
1515
1517
1520
1518
1521
1522
1909
1520
1522
1912
1521
1522
1913
1524
1525
1527
1528
1529
1723
1528
1529
1724
1528
1529
1725
1532
1534
1532
1535
1936
1536
1937
1973
1534
1535
1536
1974
1536
1940
1941
1977
1538
1539
1541
1542
2155
1543
2255
1542
1543
2156
2256
1542
1543
2159
2257
1546
1547
1546
1550
1553
1549
1548
1549
1550
1555
1762
1550
1764
1557
1766
1553
1555
1553
1556
1557
1555
1556
1887
1557
1888
1557
1891
1892
1559
1560
1562
1727
2482
1563
1728
1564
1945
2484
1563
1564
1948
1563
1564
1731
2486
1732
1949
2488
1567
1569
1567
1570
1686
1571
1569
1570
1688
2286
1571
2287
1571
1690
2290
2291
1574
1575
1574
1578
1840
1577
1576
1577
1578
1842
1578
1844
1581
1584
1581
1583
1585
1583
1584
1585
1994
1585
1995
1998
1588
1589
1588
1592
1591
1860
1590
1591
1862
1592
1592
1864
1596
1597
1597
1598
1596
1598
1599
2119
1599
2342
1599
2122
2345
2124
2348
1603
1604
1604
1605
2097
1603
1605
1606
2203
1606
2099
1606
2101
2206
2103
2208
1610
1611
1610
1612
1611
1612
1613
2335
1613
2112
1613
2115
2338
2117
2341
1617
1618
1618
1619
2104
1617
1619
1620
2196
1620
2106
1620
2108
2199
2110
2201
1624
1625
1625
1626
2209
1624
1626
2125
1627
2127
1627
2211
1627
2129
2213
2131
2215
1631
1632
1631
1633
1632
1633
2139
1634
2217
1634
2141
1634
2143
2220
2145
2222
1637
1638
1637
1641
1700
1640
1639
1640
1641
1702
1641
1704
1644
1646
2468
1644
1647
2440
1648
2441
2470
1646
1647
1648
2472
1648
2444
2445
2474
1651
1653
1651
1654
1655
2237
1653
1654
1655
1804
2240
1655
1806
1808
2243
1658
1661
1658
1660
2251
1662
2253
1660
1661
1662
2255
1662
2257
1666
1667
1666
1668
1667
1668
1669
2412
1669
2182
1669
2185
2415
2187
2418
1673
1674
1674
1675
2419
1673
1675
1676
2175
1676
2421
1676
2178
2423
2180
2425
1678
1679
1681
2035
1682
1683
1917
2036
1682
1683
1918
1682
1683
2039
1921
2040
1686
1688
1686
1689
1819
1690
1688
1689
1820
1690
1690
1822
1693
1695
1693
1696
1697
1770
1695
1696
1697
1771
1697
1774
1700
1702
1700
1703
1756
1704
1702
1703
1757
1704
2497
1704
1759
2499
2501
1706
1709
1707
1710
1713
1711
1714
1709
1711
1710
1711
1717
1718
1713
1716
1714
1717
2280
1718
1716
1718
1717
2282
1718
2284
1721
1722
1721
1725
1854
1724
1723
1724
1725
1856
1725
1858
1728
1730
1728
1731
1769
1732
2043
1730
1731
1772
1732
2044
1732
1773
2047
1735
1737
1735
1738
2006
1739
2007
1737
1738
1739
1739
2010
2011
1742
1744
1742
1745
1746
1784
1744
1745
1746
1785
1746
1788
1748
1751
1749
1752
2189
1753
1993
1751
1753
1996
1752
2191
1753
2193
1997
1756
1757
1756
1760
1861
1759
1758
1759
1760
1863
2433
1760
2436
1865
2437
1763
1765
1971
1763
1766
1888
1767
1889
1972
1765
1766
1767
1975
1767
1892
1893
1976
1769
1772
1770
1773
2482
1774
2483
1772
1774
1773
1774
2486
2487
1777
1778
1777
1781
2232
1780
1789
1779
1780
1791
1958
1781
1959
2234
1781
1794
1962
1963
2236
1783
1786
1784
1787
1788
1786
1788
1787
1788
1793
1794
1792
1793
1792
1794
1795
1795
1795
1798
1799
1798
1802
2384
1801
1800
1801
1802
2281
2387
1802
2282
2285
2390
1804
1805
1807
2239
1808
2240
1809
2512
1808
1809
1808
1809
2242
2513
2243
2516
1812
1814
1812
1815
1816
1814
1815
1816
1816
1819
1820
1819
1823
1875
1822
1821
1822
1823
1877
2504
1823
2506
1879
2508
1826
1827
1826
1830
2365
1829
1828
1829
1830
2008
2367
1830
2009
2012
2369
1832
1833
1835
2247
1836
2483
1837
2248
2268
1836
1837
2270
2485
1836
1837
2249
2487
2250
2271
1840
1842
1840
1843
1844
1842
1843
1844
1844
1847
1849
1847
1850
1851
1849
1850
1851
1851
1854
1856
1854
1857
1858
1856
1857
1858
1858
1861
1863
1861
1864
1865
1863
1864
1865
1865
1867
1868
1870
2321
2461
1871
2322
1872
2463
2540
1871
1872
2541
1871
1872
2325
2465
2326
2467
2544
1875
1877
1875
1878
1896
1879
1877
1878
1897
1879
2524
1879
1899
2527
2528
1882
1884
1882
1885
1886
1884
1885
1886
1886
1888
1891
1979
1889
1892
1893
1891
1893
1982
1892
1983
1893
1896
1897
1896
1900
1903
1899
1898
1899
1900
1905
2391
1900
2394
1907
2395
1903
1905
1903
1906
1924
1907
1905
1906
1925
1907
1907
1927
1909
1912
1910
1913
2448
1914
2449
1912
1914
1913
1914
2452
2453
1916
1917
1919
2027
1920
2344
1921
2028
1920
1921
2346
1920
1921
2031
2347
2032
1924
1925
1924
1928
2162
1927
1926
1927
1928
2164
2518
1928
2520
2166
2522
1930
1931
1933
2056
2489
1934
2057
2133
1935
2150
2490
1934
1935
2135
2151
1934
1935
2060
2493
2061
2137
2152
2494
1937
1938
1940
1941
1942
2225
1941
1942
2228
1941
1942
2229
1945
1947
2267
1945
1948
1949
2484
1947
1948
2269
1949
2270
2485
1949
2488
1952
1954
2301
1952
1955
2055
1956
2056
2489
1954
1955
2303
1956
2305
2492
1956
2059
2060
2493
1959
1961
2233
1959
1962
1963
2234
1961
1962
1963
2235
1963
2236
1966
1968
1966
1969
1970
1968
1969
1970
1970
1972
1975
1973
1976
1977
1975
1977
1976
1977
1979
1980
1982
1983
1984
2007
1983
1984
2009
1983
1984
2011
1987
1989
2377
1987
1990
2440
1991
2379
2442
1989
1990
1991
2381
1991
2444
2383
2446
1993
1996
1994
1997
1998
1996
1998
1997
1998
2003
2004
2002
2003
2002
2004
2005
2005
2005
2007
2008
2010
2427
2011
2012
2428
2011
2012
2011
2012
2431
2432
2015
2017
2015
2018
2378
2019
2379
2442
2017
2018
2019
2443
2019
2382
2383
2446
2022
2024
2538
2022
2025
2034
2026
2029
2539
2024
2025
2037
2026
2542
2026
2030
2038
2033
2543
2028
2029
2031
2260
2032
2036
2033
2261
2032
2033
2038
2032
2033
2263
2040
2264
2036
2038
2036
2039
2040
2038
2039
2040
2040
2042
2045
2043
2046
2047
2045
2047
2046
2047
2052
2053
2051
2052
2051
2053
2090
2054
2092
2054
2054
2094
2096
2056
2059
2057
2060
2061
2308
2059
2061
2310
2060
2061
2312
2063
2066
2413
2064
2067
2405
2414
2068
2071
2406
2066
2068
2072
2067
2416
2068
2409
2417
2075
2410
2070
2073
2083
2071
2074
2077
2084
2075
2078
2073
2075
2074
2087
2075
2081
2088
2082
2077
2080
2078
2081
2091
2082
2406
2080
2082
2408
2081
2093
2082
2095
2410
2084
2087
2085
2088
2091
2089
2092
2087
2089
2088
2089
2095
2096
2092
2094
2092
2095
2096
2094
2095
2096
2096
2099
2101
2099
2102
2103
2101
2102
2322
2103
2323
2103
2326
2327
2106
2108
2106
2109
2110
2108
2109
2328
2110
2330
2110
2332
2334
2113
2114
2113
2117
2116
2115
2116
2337
2117
2338
2117
2340
2341
2120
2121
2120
2124
2123
2122
2123
2344
2124
2345
2124
2347
2348
2127
2129
2127
2130
2131
2129
2130
2350
2131
2351
2131
2354
2355
2134
2136
2314
2134
2137
2308
2138
2309
2316
2136
2137
2138
2318
2138
2312
2313
2320
2141
2143
2141
2144
2145
2143
2144
2371
2145
2372
2145
2375
2376
2148
2150
2148
2151
2152
2161
2150
2151
2152
2163
2152
2165
2154
2157
2155
2158
2321
2461
2159
2462
2157
2159
2158
2324
2159
2325
2465
2466
2162
2164
2162
2165
2166
2164
2165
2490
2166
2491
2166
2494
2495
2169
2171
2386
2169
2172
2279
2173
2281
2387
2171
2172
2173
2389
2173
2283
2285
2390
2176
2177
2176
2180
2179
2178
2179
2180
2407
2180
2408
2411
2183
2184
2183
2187
2186
2185
2186
2413
2187
2415
2187
2416
2418
2190
2192
2503
2190
2193
2194
2505
2533
2192
2193
2194
2507
2194
2534
2509
2537
2197
2198
2197
2201
2200
2335
2199
2200
2336
2201
2330
2201
2331
2339
2334
2204
2205
2204
2208
2207
2206
2207
2208
2323
2208
2324
2327
2211
2213
2211
2214
2215
2213
2214
2215
2351
2215
2352
2355
2218
2219
2218
2222
2221
2220
2221
2222
2372
2222
2373
2376
2225
2227
2225
2228
2229
2227
2228
2229
2229
2232
2234
2232
2235
2236
2234
2235
2236
2236
2241
2243
2239
2241
2240
2242
2243
2242
2243
2246
2250
2265
2246
2247
2249
2248
2249
2250
2268
2250
2271
2253
2255
2253
2256
2257
2255
2256
2257
2257
2262
2263
2261
2262
2261
2263
2264
2539
2264
2541
2264
2543
2269
2271
2267
2269
2268
2270
2271
2270
2271
2273
2274
2276
2277
2278
2477
2277
2278
2478
2277
2278
2481
2280
2281
2283
2284
2285
2284
2285
2284
2285
2287
2290
2288
2291
2475
2292
2476
2290
2292
2291
2292
2479
2480
2295
2297
2295
2298
2299
2297
2298
2299
2299
2302
2304
2302
2305
2517
2306
2519
2304
2305
2306
2306
2521
2523
2309
2311
2328
2309
2312
2313
2329
2311
2312
2313
2332
2313
2333
2315
2316
2318
2319
2337
2320
2329
2319
2320
2331
2339
2319
2320
2340
2333
2322
2325
2323
2326
2327
2325
2327
2326
2327
2329
2330
2332
2333
2334
2333
2334
2333
2334
2339
2341
2337
2339
2338
2340
2341
2340
2341
2346
2348
2344
2346
2345
2347
2348
2347
2348
2350
2353
2351
2354
2355
2353
2355
2354
2355
2358
2360
2358
2361
2496
2362
2399
2498
2360
2361
2362
2401
2362
2500
2403
2502
2365
2367
2365
2368
2369
2367
2368
2426
2369
2428
2369
2430
2432
2371
2374
2372
2375
2376
2374
2376
2375
2376
2379
2381
2379
2382
2383
2381
2382
2383
2383
2388
2390
2386
2388
2387
2389
2447
2390
2389
2450
2390
2451
2392
2395
2393
2396
2531
2397
2525
2532
2395
2397
2527
2396
2397
2535
2529
2536
2399
2400
2402
2434
2511
2403
2435
2404
2512
2403
2404
2403
2404
2438
2515
2439
2516
2406
2407
2409
2422
2410
2411
2423
2410
2411
2410
2411
2424
2425
2417
2418
2420
2414
2415
2416
2417
2422
2418
2417
2418
2424
2421
2423
2421
2424
2425
2423
2424
2425
2425
2428
2430
2428
2431
2432
2430
2431
2432
2432
2434
2437
2510
2435
2438
2511
2439
2498
2437
2439
2499
2438
2514
2439
2515
2502
2441
2442
2444
2445
2456
2446
2445
2446
2458
2445
2446
2460
2449
2451
2449
2452
2453
2451
2452
2453
2453
2456
2458
2456
2459
2469
2460
2470
2458
2459
2460
2460
2473
2474
2462
2463
2465
2466
2467
2540
2466
2467
2542
2466
2467
2544
2470
2472
2470
2473
2474
2472
2473
2474
2474
2476
2479
2477
2480
2481
2479
2481
2480
2481
2483
2484
2486
2487
2488
2487
2488
2487
2488
2490
2493
2491
2494
2495
2518
2493
2495
2521
2494
2495
2522
2497
2498
2500
2501
2502
2501
2502
2501
2502
2505
2507
2505
2508
2524
2509
2526
2507
2508
2509
2509
2528
2530
2511
2514
2512
2515
2516
2514
2516
2515
2516
2518
2519
2521
2522
2523
2522
2523
2522
2523
2526
2528
2526
2529
2532
2530
2533
2528
2529
2530
2530
2536
2537
2532
2535
2533
2536
2537
2535
2537
2536
2537
2539
2540
2542
2543
2544
2543
2544
2543
2544
2547
2551
2547
2548
2550
2549
2550
2551
2551
)


// ************************************************************************* //
