/*--------------------------------*- C++ -*----------------------------------*\
| =========                 |                                                 |
| \\      /  F ield         | OpenFOAM: The Open Source CFD Toolbox           |
|  \\    /   O peration     | Version:  1912                                  |
|   \\  /    A nd           | Website:  www.openfoam.com                      |
|    \\/     M anipulation  |                                                 |
\*---------------------------------------------------------------------------*/
FoamFile
{
    version     2.0;
    format      ascii;
    class       labelList;
    note        "nPoints:4143  nCells:2552  nFaces:9140  nInternalFaces:6172";
    location    "constant/solid/polyMesh";
    object      owner;
}
// * * * * * * * * * * * * * * * * * * * * * * * * * * * * * * * * * * * * * //


9140
(
0
0
0
0
0
1
1
1
1
2
2
2
2
2
3
3
3
3
3
4
4
4
4
4
5
5
5
5
5
6
6
6
6
6
7
7
7
7
7
8
8
8
8
8
9
9
9
9
9
10
10
10
10
11
11
11
11
11
12
12
12
12
13
13
13
13
13
14
14
14
14
14
15
15
15
15
15
16
16
16
16
16
17
17
17
17
17
18
18
18
18
18
19
19
19
19
19
20
20
20
20
20
21
21
21
21
22
22
22
22
22
23
23
23
23
24
24
24
24
25
25
25
25
25
26
26
26
26
26
27
27
27
27
27
28
28
28
28
28
29
29
29
29
29
30
30
30
30
31
31
31
31
31
32
32
32
32
33
33
33
33
33
34
34
34
34
34
35
35
35
35
36
36
36
36
36
37
37
37
37
37
38
38
38
38
38
39
39
39
39
39
40
40
40
40
40
41
41
41
41
42
42
42
42
42
43
43
43
43
43
44
44
44
44
44
45
45
45
45
45
46
46
46
46
46
47
47
47
47
47
48
48
48
48
48
49
49
49
49
49
50
50
50
50
50
51
51
51
51
51
52
52
52
52
52
53
53
53
54
54
54
54
55
55
55
55
55
56
56
56
56
57
57
57
57
57
58
58
58
58
58
59
59
59
59
59
60
60
60
60
60
61
61
61
61
61
62
62
62
62
62
63
63
63
63
64
64
64
64
65
65
65
65
65
66
66
66
66
66
67
67
67
67
67
68
68
68
68
69
69
69
69
69
70
70
70
70
70
71
71
71
72
72
72
72
73
73
73
73
74
74
74
74
74
75
75
75
75
75
76
76
76
76
76
77
77
77
77
77
78
78
78
78
79
79
79
79
80
80
80
80
80
81
81
81
81
81
82
82
82
82
83
83
83
83
84
84
84
84
84
85
85
85
85
85
86
86
86
86
86
87
87
87
87
87
88
88
88
89
89
89
89
89
90
90
90
90
90
91
91
91
91
92
92
92
92
92
93
93
93
93
93
94
94
94
94
95
95
95
95
95
96
96
96
96
97
97
97
97
98
98
98
98
99
99
99
99
100
100
100
100
101
101
101
101
102
102
102
102
103
103
103
103
104
104
104
104
105
105
105
105
106
106
106
106
107
107
107
107
107
108
108
108
108
109
109
109
109
110
110
110
110
110
111
111
111
111
112
112
112
112
113
113
113
113
113
114
114
114
114
114
115
115
115
115
115
116
116
116
116
116
117
117
117
117
118
118
118
118
118
119
119
119
119
119
120
120
120
120
121
121
121
121
122
122
122
122
122
123
123
123
123
124
124
124
124
124
125
125
125
125
125
126
126
126
126
127
127
127
127
128
128
128
128
129
129
129
129
130
130
130
130
131
131
131
131
131
132
132
132
132
132
133
133
133
134
134
134
134
134
135
135
135
135
136
136
136
136
136
137
137
137
137
138
138
138
138
138
139
139
139
140
140
140
140
141
141
141
141
142
142
142
142
142
143
143
143
143
144
144
144
144
145
145
145
145
146
146
146
146
147
147
147
147
148
148
148
148
148
149
149
149
149
150
150
150
150
150
151
151
151
151
152
152
152
152
153
153
153
153
154
154
154
154
155
155
155
155
156
156
156
156
157
157
157
157
158
158
158
158
159
159
159
159
159
160
160
160
160
161
161
161
161
161
162
162
162
162
163
163
163
163
164
164
164
164
165
165
165
165
166
166
166
166
167
167
167
167
168
168
168
168
169
169
169
169
169
170
170
170
170
171
171
171
171
172
172
172
172
173
173
173
173
174
174
174
174
174
175
175
175
175
176
176
176
176
177
177
177
177
177
178
178
178
178
179
179
179
179
180
180
180
181
181
181
181
182
182
182
183
183
183
184
184
184
185
185
185
186
186
186
187
187
187
188
188
188
188
189
189
189
189
190
190
190
190
191
191
191
192
192
192
193
193
193
194
194
194
194
194
195
195
195
195
196
196
196
196
197
197
197
197
198
198
198
198
199
199
199
199
200
200
200
200
201
201
201
201
202
202
202
202
203
203
203
203
204
204
204
204
205
205
205
205
206
206
206
206
207
207
207
207
207
208
208
208
208
209
209
209
209
209
210
210
210
210
211
211
211
211
212
212
212
212
213
213
213
213
214
214
214
214
215
215
215
215
216
216
216
216
216
217
217
217
217
218
218
218
218
219
219
219
219
220
220
220
220
221
221
221
221
221
222
222
222
222
223
223
223
223
224
224
224
224
224
225
225
225
225
226
226
226
226
227
227
227
227
228
228
228
228
229
229
229
229
230
230
230
230
230
231
231
231
231
232
232
232
232
233
233
233
233
233
234
234
234
234
235
235
235
235
236
236
236
236
236
237
237
237
237
237
238
238
238
238
238
239
239
239
239
240
240
240
240
241
241
241
241
242
242
242
242
243
243
243
243
243
244
244
244
244
244
245
245
245
245
246
246
246
246
247
247
247
247
247
248
248
248
248
248
249
249
249
249
249
250
250
250
250
251
251
251
251
251
252
252
252
252
252
253
253
253
253
253
254
254
254
254
255
255
255
255
256
256
256
256
257
257
257
257
258
258
258
258
259
259
259
259
260
260
260
261
261
261
261
262
262
262
262
263
263
263
263
264
264
264
264
265
265
265
265
266
266
266
266
267
267
267
267
268
268
268
268
269
269
269
269
270
270
270
270
271
271
271
271
272
272
272
272
273
273
273
273
274
274
274
274
274
275
275
275
275
276
276
276
276
277
277
277
277
278
278
278
279
279
279
279
279
280
280
280
280
280
281
281
281
281
281
282
282
282
282
283
283
283
283
284
284
284
284
285
285
285
285
285
286
286
286
286
286
287
287
287
287
288
288
288
288
288
289
289
289
289
289
290
290
290
290
291
291
291
291
291
292
292
292
292
293
293
293
293
294
294
294
294
294
295
295
295
295
296
296
296
296
296
297
297
297
297
297
298
298
298
298
299
299
299
299
299
300
300
300
301
301
301
301
301
302
302
302
302
302
303
303
303
303
303
304
304
304
304
304
305
305
305
305
306
306
306
306
306
307
307
307
307
308
308
308
308
309
309
309
309
310
310
310
310
310
311
311
311
311
312
312
312
312
313
313
313
313
313
314
314
314
314
315
315
315
315
316
316
316
316
316
317
317
317
317
318
318
318
319
319
319
319
319
320
320
320
321
321
321
322
322
322
322
323
323
323
323
324
324
325
325
326
326
327
327
327
328
328
329
329
329
330
330
330
331
331
331
332
332
333
333
333
333
333
334
334
334
335
335
335
336
336
336
336
337
337
337
337
338
338
339
339
340
340
340
340
341
341
341
342
342
342
343
343
343
343
344
344
344
344
345
345
346
346
347
347
347
347
348
348
348
348
349
349
349
350
350
350
350
351
351
351
352
352
352
353
353
354
354
354
354
354
355
355
355
356
356
356
357
357
357
357
358
358
358
358
359
359
360
360
361
361
361
361
362
362
362
362
363
363
363
364
364
364
364
365
365
365
366
366
366
367
367
368
368
368
368
368
369
369
369
370
370
370
371
371
371
371
372
372
372
372
373
373
374
374
375
375
375
376
376
376
376
377
377
377
378
378
378
378
379
379
379
380
380
380
381
381
382
382
382
383
383
383
383
384
384
384
385
385
385
385
386
386
386
387
387
387
388
388
389
389
389
390
390
391
391
392
392
392
392
393
393
393
394
394
394
395
395
396
396
396
396
397
397
397
398
398
398
399
399
399
399
400
400
400
400
401
401
402
402
403
403
404
404
404
405
405
406
406
406
407
407
407
408
408
408
409
409
410
410
410
410
410
411
411
411
412
412
412
413
413
413
413
414
414
414
414
415
415
416
416
417
417
417
417
418
418
418
419
419
419
420
420
420
420
421
421
421
421
422
422
423
423
424
424
424
425
425
425
425
426
426
426
427
427
427
427
428
428
428
429
429
429
430
430
431
431
431
431
432
432
432
433
433
433
434
434
434
435
435
436
436
437
437
438
438
438
438
439
439
439
439
440
440
440
441
441
441
441
442
442
442
443
443
443
444
444
445
445
445
446
446
446
446
447
447
447
448
448
448
448
449
449
449
450
450
450
451
451
452
452
452
452
453
453
453
453
454
454
454
455
455
455
455
456
456
456
457
457
457
458
458
459
459
459
459
460
460
461
461
461
462
462
462
462
463
463
463
464
465
465
466
466
467
467
467
468
468
469
469
469
470
470
470
471
471
471
472
472
473
473
473
473
473
474
474
474
475
475
475
476
476
476
476
477
477
477
477
478
478
479
479
480
480
481
481
481
482
482
483
483
483
484
484
484
485
485
485
486
486
487
487
488
488
488
489
489
490
490
490
491
491
491
492
492
492
493
493
494
494
494
495
495
495
496
496
496
497
497
497
497
498
498
498
499
499
499
500
500
501
501
501
501
502
502
502
503
503
504
504
504
504
505
505
505
506
506
507
508
508
508
508
508
509
509
509
510
510
510
511
511
511
511
512
512
512
512
513
513
514
514
515
515
515
516
516
516
517
517
517
518
518
518
518
519
519
520
520
521
521
522
522
522
523
523
523
523
524
524
524
525
525
525
525
526
526
526
527
527
527
528
528
529
529
529
529
530
530
531
531
532
532
532
533
533
533
534
535
536
536
536
537
537
537
538
538
538
539
539
539
539
540
540
540
541
541
541
542
542
543
543
543
543
544
544
545
545
546
546
546
547
547
547
548
549
550
550
550
551
551
551
552
552
553
553
553
553
554
554
554
555
555
556
557
557
557
557
558
558
558
559
559
559
560
560
561
561
562
562
562
563
564
564
564
564
564
565
565
566
566
566
567
567
567
568
568
568
568
569
570
570
571
571
571
572
572
572
573
573
573
574
574
574
574
575
575
575
576
576
576
577
577
578
578
578
579
579
579
580
580
581
581
581
581
582
582
582
583
583
584
585
585
585
585
586
586
586
586
587
587
587
588
588
588
588
589
589
589
590
590
590
591
591
592
592
592
592
593
593
593
593
594
594
594
595
595
595
595
596
596
596
597
597
597
598
598
599
599
599
600
600
600
600
601
601
601
602
602
602
602
603
603
603
604
604
604
605
605
606
606
606
606
607
607
608
608
609
609
609
610
610
610
611
612
613
613
613
614
614
614
614
615
615
616
616
616
617
617
617
618
618
618
619
620
620
620
621
621
621
621
622
622
622
623
623
623
623
624
624
624
625
625
625
626
626
627
627
627
628
628
628
629
629
630
630
630
630
631
631
632
632
632
633
634
634
634
635
635
635
636
636
637
637
637
637
638
638
638
639
639
640
641
641
641
642
642
642
643
643
643
644
644
644
644
645
645
645
646
646
646
647
647
648
648
648
649
649
649
650
650
651
651
651
651
652
652
653
653
653
654
655
655
655
656
656
656
657
657
657
658
658
658
658
659
659
659
660
660
660
661
661
662
662
662
663
663
664
664
665
665
665
665
666
666
667
668
669
669
669
669
670
670
670
671
671
672
672
672
673
673
673
673
674
674
675
676
676
676
677
677
677
677
678
678
678
679
679
679
680
680
681
681
681
682
682
683
683
683
684
684
684
685
685
685
686
686
686
686
687
687
687
688
688
688
689
689
690
690
691
691
692
692
693
693
694
694
694
695
695
696
696
697
697
697
698
698
699
699
700
700
700
701
701
702
702
703
704
704
704
705
705
705
706
706
707
707
707
707
708
708
708
709
709
710
711
711
712
712
713
713
713
714
714
715
715
716
716
717
717
718
718
718
719
719
719
720
721
721
721
721
722
722
723
723
725
725
725
726
726
726
727
727
727
728
728
728
729
729
730
730
730
731
731
732
732
732
733
733
733
734
735
735
735
735
736
736
737
737
739
739
739
740
740
740
741
741
742
742
742
743
743
743
744
744
744
745
746
746
746
747
747
747
747
748
748
748
749
749
749
749
750
750
750
751
751
751
752
752
753
753
754
754
755
755
755
756
756
756
757
758
758
759
759
760
760
761
761
762
762
763
763
764
764
765
766
767
767
767
768
768
769
769
769
770
770
770
771
771
771
772
772
773
773
774
774
774
774
775
775
775
776
776
776
777
777
777
778
778
778
779
779
779
780
780
781
781
781
782
782
782
782
783
783
783
784
784
784
785
785
785
786
786
787
787
788
788
788
789
789
789
790
790
790
791
791
791
791
792
792
792
793
793
793
794
794
795
795
796
796
797
797
797
798
798
798
799
800
800
801
801
802
802
802
803
803
804
804
804
805
805
805
806
806
806
807
807
808
808
809
809
809
810
810
810
811
811
812
812
812
812
813
813
813
814
814
815
816
816
817
817
817
818
818
819
819
820
820
820
821
821
822
822
823
823
824
824
824
825
825
825
826
826
826
827
827
828
828
828
829
829
830
830
830
831
831
832
832
833
833
833
834
834
834
835
836
837
837
837
837
838
838
838
839
839
839
840
840
840
840
841
841
841
842
842
842
843
843
844
844
845
845
845
846
846
846
847
847
847
848
849
849
850
850
851
851
851
852
852
852
853
853
854
854
854
854
855
855
856
856
856
857
858
858
859
859
859
859
860
860
861
861
861
862
863
863
863
864
865
865
866
866
867
868
868
869
870
872
872
873
873
873
874
874
875
875
876
877
877
878
879
879
879
879
879
880
880
880
881
881
881
882
882
882
882
883
883
883
883
884
884
885
885
886
886
886
886
887
887
888
888
889
889
889
890
890
890
891
892
893
893
894
894
895
895
896
896
896
897
898
899
900
900
901
901
902
903
903
904
905
907
907
907
908
908
908
909
910
910
910
910
911
911
912
912
914
914
915
915
915
916
916
917
917
917
918
919
919
919
920
921
921
921
922
922
923
923
924
924
924
924
925
925
926
927
928
928
929
929
930
930
930
931
931
931
932
933
933
934
934
935
935
935
936
936
937
937
938
938
939
939
939
940
940
941
941
942
942
943
943
943
944
944
945
945
945
946
947
947
947
948
949
949
950
950
950
951
951
951
952
952
952
953
953
954
954
954
955
955
956
956
957
957
957
958
958
959
959
960
961
961
962
963
963
963
964
964
964
965
965
966
966
966
966
967
967
967
968
968
969
970
970
971
971
971
972
972
973
973
973
974
974
975
975
976
977
977
978
978
978
978
979
979
980
980
981
981
982
982
982
983
984
984
984
984
985
985
985
986
986
987
987
987
987
988
988
988
989
989
990
991
991
991
992
992
993
993
994
994
994
995
995
995
996
996
996
997
997
998
998
999
999
1000
1000
1001
1001
1001
1002
1002
1003
1003
1003
1004
1005
1005
1006
1006
1006
1007
1007
1008
1008
1008
1009
1009
1009
1010
1010
1010
1011
1011
1012
1012
1013
1013
1013
1014
1014
1015
1015
1015
1016
1016
1016
1017
1017
1017
1018
1018
1019
1019
1020
1020
1020
1021
1021
1022
1022
1022
1023
1023
1023
1024
1024
1024
1025
1025
1026
1026
1027
1027
1027
1028
1028
1029
1029
1029
1030
1030
1030
1031
1031
1031
1032
1032
1033
1033
1034
1034
1034
1035
1035
1036
1036
1036
1037
1037
1037
1038
1038
1038
1039
1039
1040
1040
1041
1041
1041
1042
1043
1043
1043
1044
1044
1045
1045
1045
1046
1047
1047
1048
1048
1049
1050
1050
1051
1051
1052
1052
1053
1054
1054
1054
1055
1055
1055
1056
1057
1057
1057
1058
1058
1058
1059
1059
1061
1061
1062
1062
1063
1063
1064
1064
1064
1065
1066
1066
1068
1068
1069
1069
1069
1070
1070
1070
1071
1071
1071
1072
1072
1073
1073
1073
1074
1074
1075
1075
1075
1076
1076
1076
1077
1077
1078
1078
1078
1079
1079
1080
1080
1081
1082
1082
1083
1083
1083
1084
1084
1085
1085
1085
1086
1086
1087
1087
1088
1089
1089
1090
1090
1090
1091
1092
1092
1093
1093
1094
1094
1096
1096
1097
1097
1097
1098
1098
1099
1099
1100
1101
1101
1102
1103
1103
1104
1104
1105
1106
1106
1107
1108
1110
1110
1111
1111
1112
1112
1113
1113
1113
1114
1115
1116
1117
1117
1118
1118
1118
1119
1120
1120
1120
1121
1122
1122
1124
1124
1125
1125
1126
1126
1127
1127
1127
1128
1129
1130
1131
1131
1131
1132
1132
1133
1133
1134
1134
1134
1135
1135
1135
1136
1137
1138
1138
1139
1139
1139
1140
1140
1140
1141
1141
1141
1142
1143
1143
1144
1144
1145
1145
1146
1146
1146
1147
1148
1148
1148
1149
1150
1150
1152
1152
1153
1153
1154
1155
1155
1156
1157
1159
1159
1159
1160
1160
1160
1161
1161
1161
1162
1162
1162
1163
1163
1164
1164
1164
1165
1165
1166
1166
1167
1167
1168
1168
1169
1169
1169
1170
1171
1171
1173
1173
1174
1174
1174
1175
1175
1176
1176
1176
1177
1178
1178
1178
1179
1180
1180
1181
1181
1182
1183
1183
1184
1185
1187
1187
1188
1188
1189
1189
1190
1190
1191
1192
1192
1193
1194
1194
1195
1195
1195
1196
1197
1197
1197
1198
1199
1199
1201
1201
1202
1202
1203
1203
1204
1204
1205
1206
1206
1207
1208
1208
1209
1209
1209
1209
1210
1210
1211
1211
1212
1212
1213
1213
1213
1214
1215
1215
1216
1216
1216
1217
1217
1218
1218
1218
1219
1219
1220
1220
1221
1222
1222
1222
1223
1223
1224
1224
1225
1225
1225
1226
1226
1227
1227
1228
1229
1229
1230
1230
1230
1231
1231
1232
1232
1233
1234
1234
1235
1236
1236
1236
1237
1237
1237
1237
1238
1238
1238
1239
1239
1239
1239
1240
1240
1240
1241
1241
1241
1242
1242
1243
1243
1243
1244
1244
1245
1245
1245
1246
1246
1246
1246
1247
1247
1247
1248
1249
1249
1250
1250
1251
1251
1252
1252
1253
1253
1253
1254
1254
1255
1255
1255
1256
1257
1257
1258
1258
1258
1259
1259
1260
1260
1260
1261
1262
1262
1262
1263
1264
1264
1265
1265
1266
1267
1267
1268
1269
1271
1271
1272
1272
1273
1273
1273
1274
1274
1274
1275
1276
1276
1277
1277
1278
1278
1278
1279
1279
1279
1280
1280
1280
1281
1281
1282
1282
1283
1283
1284
1284
1285
1285
1285
1286
1287
1287
1288
1288
1288
1289
1289
1291
1292
1292
1293
1293
1294
1295
1295
1296
1296
1297
1297
1298
1299
1299
1300
1300
1300
1301
1301
1302
1302
1302
1303
1303
1304
1304
1305
1306
1306
1307
1307
1307
1308
1309
1309
1310
1310
1310
1311
1311
1312
1312
1313
1313
1314
1314
1315
1315
1315
1316
1316
1316
1317
1318
1318
1319
1319
1320
1320
1321
1321
1321
1322
1322
1323
1323
1323
1324
1324
1325
1325
1326
1327
1327
1327
1328
1328
1329
1330
1330
1330
1331
1332
1332
1334
1334
1335
1335
1336
1336
1337
1337
1337
1338
1339
1339
1341
1341
1341
1342
1342
1343
1343
1344
1344
1345
1345
1346
1347
1348
1348
1349
1349
1349
1350
1350
1351
1351
1351
1352
1353
1353
1353
1354
1355
1355
1356
1356
1357
1357
1357
1358
1358
1358
1359
1360
1360
1361
1361
1362
1362
1363
1363
1363
1364
1365
1365
1366
1366
1367
1367
1369
1369
1370
1370
1371
1371
1371
1372
1372
1372
1373
1374
1374
1375
1375
1376
1376
1377
1377
1377
1378
1378
1379
1379
1379
1379
1380
1380
1380
1381
1381
1381
1382
1382
1383
1383
1384
1384
1385
1385
1385
1386
1386
1387
1387
1388
1388
1389
1389
1390
1390
1391
1391
1392
1392
1393
1393
1394
1394
1395
1396
1397
1397
1398
1398
1398
1399
1399
1400
1400
1400
1401
1401
1401
1402
1402
1402
1403
1403
1404
1404
1405
1405
1405
1406
1407
1407
1408
1408
1408
1409
1409
1410
1410
1411
1411
1412
1412
1412
1413
1413
1414
1414
1414
1415
1415
1415
1416
1416
1416
1417
1417
1418
1418
1419
1419
1420
1420
1421
1421
1422
1422
1422
1423
1423
1424
1424
1425
1425
1426
1426
1426
1427
1428
1428
1428
1429
1429
1429
1430
1430
1431
1431
1432
1432
1433
1433
1433
1434
1434
1434
1435
1435
1435
1436
1436
1437
1437
1437
1438
1438
1439
1439
1440
1440
1441
1442
1442
1443
1444
1446
1446
1446
1447
1447
1448
1448
1448
1449
1449
1449
1450
1451
1451
1452
1452
1453
1453
1454
1454
1454
1455
1456
1456
1456
1457
1458
1458
1460
1460
1461
1461
1461
1462
1462
1463
1463
1463
1464
1464
1465
1465
1466
1467
1467
1468
1468
1468
1469
1469
1470
1470
1470
1471
1471
1471
1472
1472
1472
1473
1473
1474
1474
1475
1475
1475
1476
1476
1477
1477
1477
1477
1478
1478
1478
1479
1479
1479
1480
1480
1481
1481
1482
1482
1482
1483
1483
1483
1484
1484
1484
1485
1486
1486
1487
1487
1488
1488
1489
1489
1490
1490
1491
1491
1492
1493
1493
1494
1495
1495
1495
1496
1496
1497
1497
1498
1498
1498
1499
1499
1500
1500
1501
1502
1502
1502
1503
1503
1503
1504
1504
1504
1505
1505
1505
1505
1506
1506
1507
1507
1508
1508
1509
1509
1510
1510
1511
1512
1512
1513
1514
1516
1516
1517
1517
1518
1518
1519
1519
1519
1520
1521
1522
1523
1523
1523
1524
1525
1525
1526
1526
1526
1527
1527
1529
1530
1530
1531
1531
1531
1532
1532
1532
1533
1533
1534
1534
1535
1535
1536
1536
1537
1537
1537
1538
1538
1539
1539
1540
1540
1540
1540
1541
1541
1542
1543
1544
1544
1545
1545
1545
1546
1547
1547
1548
1548
1548
1549
1549
1550
1550
1551
1551
1552
1552
1553
1554
1554
1554
1555
1555
1556
1556
1557
1558
1558
1558
1558
1558
1559
1559
1560
1560
1560
1561
1561
1561
1562
1562
1562
1562
1563
1564
1564
1565
1565
1566
1566
1566
1567
1568
1568
1568
1568
1569
1569
1570
1570
1570
1571
1572
1572
1573
1573
1573
1574
1575
1575
1576
1576
1577
1578
1579
1579
1580
1580
1581
1582
1582
1583
1583
1584
1584
1585
1586
1586
1587
1587
1588
1588
1589
1589
1589
1590
1591
1591
1593
1593
1594
1594
1595
1595
1596
1596
1597
1597
1598
1598
1598
1599
1599
1600
1600
1601
1601
1601
1602
1602
1603
1603
1604
1604
1605
1605
1605
1606
1606
1607
1607
1608
1608
1609
1609
1610
1610
1611
1611
1612
1612
1612
1613
1613
1614
1614
1615
1615
1615
1616
1616
1617
1617
1618
1618
1619
1619
1619
1620
1620
1621
1621
1622
1622
1622
1623
1623
1623
1624
1624
1625
1625
1626
1626
1626
1627
1627
1628
1628
1629
1629
1630
1630
1630
1631
1631
1632
1632
1633
1633
1633
1634
1634
1635
1635
1636
1636
1636
1637
1638
1638
1639
1639
1640
1641
1642
1642
1642
1643
1643
1643
1644
1644
1644
1645
1645
1646
1646
1647
1647
1648
1648
1649
1649
1650
1650
1651
1651
1652
1652
1653
1653
1653
1654
1654
1655
1655
1656
1656
1657
1657
1657
1658
1658
1659
1659
1660
1660
1661
1662
1663
1663
1664
1664
1665
1665
1666
1666
1667
1667
1668
1668
1668
1669
1669
1670
1670
1671
1671
1671
1672
1672
1673
1673
1674
1674
1675
1675
1675
1676
1676
1677
1677
1677
1677
1678
1679
1679
1679
1680
1680
1680
1681
1681
1681
1683
1683
1684
1684
1685
1685
1685
1686
1687
1687
1687
1688
1689
1689
1691
1691
1692
1692
1693
1693
1694
1694
1695
1695
1696
1697
1698
1698
1699
1699
1699
1700
1701
1701
1701
1702
1702
1703
1703
1703
1704
1705
1705
1706
1706
1706
1707
1707
1708
1708
1709
1710
1710
1711
1712
1712
1713
1713
1713
1714
1715
1715
1716
1716
1717
1717
1719
1719
1720
1720
1720
1721
1722
1722
1723
1723
1724
1725
1726
1726
1727
1727
1727
1728
1728
1729
1729
1729
1730
1730
1731
1731
1732
1733
1733
1734
1734
1734
1735
1735
1736
1736
1737
1738
1738
1739
1740
1740
1741
1741
1742
1742
1743
1743
1744
1744
1745
1746
1747
1747
1748
1748
1748
1749
1749
1750
1750
1750
1751
1751
1752
1752
1753
1754
1754
1755
1755
1755
1756
1757
1757
1758
1758
1758
1759
1759
1760
1760
1761
1761
1761
1762
1762
1762
1763
1763
1763
1764
1764
1765
1765
1766
1766
1767
1767
1768
1768
1769
1769
1769
1770
1770
1771
1771
1772
1773
1773
1774
1775
1775
1776
1776
1776
1777
1777
1778
1778
1778
1778
1779
1779
1779
1780
1780
1780
1781
1781
1782
1782
1783
1783
1784
1785
1785
1786
1787
1789
1789
1790
1790
1791
1791
1792
1793
1794
1796
1796
1797
1797
1797
1798
1799
1799
1800
1800
1800
1801
1801
1802
1802
1803
1803
1803
1803
1804
1804
1805
1805
1806
1806
1807
1807
1807
1807
1808
1809
1810
1810
1811
1811
1812
1813
1813
1814
1815
1817
1817
1818
1818
1818
1819
1820
1820
1821
1821
1821
1822
1822
1823
1823
1824
1824
1825
1825
1825
1826
1827
1827
1828
1828
1828
1829
1829
1830
1830
1831
1831
1831
1831
1832
1832
1833
1833
1833
1834
1834
1834
1834
1835
1835
1835
1836
1837
1837
1838
1838
1839
1839
1840
1841
1841
1842
1843
1845
1845
1846
1846
1847
1848
1848
1849
1850
1852
1852
1853
1853
1854
1855
1855
1856
1857
1859
1859
1860
1860
1861
1862
1862
1863
1864
1866
1866
1866
1866
1866
1867
1867
1868
1868
1868
1869
1869
1869
1870
1870
1870
1870
1871
1872
1872
1873
1873
1874
1874
1874
1875
1876
1876
1876
1877
1877
1878
1878
1878
1879
1880
1880
1881
1881
1882
1883
1883
1884
1885
1887
1887
1887
1888
1888
1889
1890
1890
1890
1891
1891
1892
1894
1894
1895
1895
1895
1896
1897
1897
1898
1898
1898
1899
1899
1900
1900
1901
1901
1902
1902
1902
1903
1904
1904
1904
1905
1906
1906
1908
1908
1909
1909
1909
1910
1910
1911
1911
1912
1913
1913
1914
1915
1915
1915
1915
1916
1916
1917
1917
1918
1918
1918
1919
1919
1919
1920
1921
1922
1922
1923
1923
1923
1924
1925
1925
1926
1926
1926
1927
1927
1928
1928
1929
1929
1929
1929
1929
1930
1930
1930
1931
1931
1931
1932
1932
1932
1932
1933
1933
1933
1933
1934
1934
1935
1935
1936
1936
1936
1937
1938
1938
1939
1939
1939
1940
1940
1942
1943
1943
1943
1944
1944
1945
1945
1946
1946
1946
1947
1947
1947
1948
1949
1950
1950
1950
1951
1951
1951
1952
1952
1952
1953
1953
1953
1954
1954
1954
1955
1955
1956
1956
1957
1957
1957
1958
1958
1959
1959
1960
1960
1961
1961
1962
1963
1964
1964
1965
1965
1966
1967
1967
1968
1969
1971
1971
1972
1972
1973
1974
1974
1975
1976
1978
1978
1978
1979
1980
1980
1981
1981
1981
1982
1982
1984
1985
1985
1985
1986
1986
1986
1987
1987
1987
1988
1988
1989
1989
1990
1990
1991
1991
1992
1992
1993
1993
1994
1995
1995
1996
1997
1999
1999
2000
2000
2001
2001
2002
2003
2004
2006
2006
2006
2006
2007
2008
2008
2009
2009
2010
2010
2010
2012
2013
2013
2014
2014
2014
2015
2015
2015
2016
2016
2017
2017
2018
2018
2019
2019
2020
2020
2020
2021
2021
2021
2022
2022
2022
2023
2023
2023
2024
2024
2025
2025
2025
2026
2026
2027
2027
2027
2027
2028
2028
2029
2029
2030
2030
2030
2031
2031
2031
2032
2033
2034
2034
2035
2035
2036
2037
2037
2038
2039
2041
2041
2042
2042
2043
2044
2044
2045
2046
2048
2048
2049
2049
2050
2050
2050
2051
2051
2052
2053
2053
2054
2055
2055
2056
2056
2057
2057
2058
2058
2058
2059
2060
2061
2062
2062
2062
2063
2063
2063
2063
2064
2064
2064
2065
2065
2065
2066
2066
2067
2067
2067
2068
2068
2069
2069
2069
2070
2070
2070
2070
2071
2071
2072
2072
2073
2073
2074
2074
2074
2075
2076
2076
2077
2077
2077
2078
2078
2079
2079
2079
2080
2080
2081
2081
2082
2083
2083
2084
2084
2084
2085
2085
2086
2086
2087
2088
2088
2089
2090
2090
2091
2091
2092
2093
2093
2094
2095
2097
2097
2098
2098
2099
2100
2100
2100
2101
2101
2102
2102
2103
2104
2104
2105
2105
2106
2107
2107
2107
2108
2108
2109
2109
2110
2111
2111
2112
2112
2113
2114
2114
2114
2115
2115
2116
2116
2117
2118
2118
2119
2119
2120
2121
2121
2121
2122
2122
2123
2123
2124
2125
2125
2126
2126
2127
2128
2128
2128
2129
2129
2130
2130
2131
2132
2132
2132
2133
2133
2133
2134
2134
2134
2135
2135
2136
2136
2137
2137
2138
2138
2139
2139
2140
2140
2141
2142
2142
2142
2143
2143
2144
2144
2145
2146
2146
2147
2147
2148
2148
2149
2149
2150
2150
2151
2152
2153
2153
2154
2154
2154
2154
2155
2155
2156
2156
2157
2157
2158
2158
2158
2159
2160
2160
2161
2161
2162
2163
2163
2163
2164
2164
2165
2165
2166
2167
2167
2167
2168
2168
2168
2169
2169
2169
2170
2170
2171
2171
2172
2172
2173
2173
2174
2174
2175
2175
2176
2177
2177
2178
2178
2179
2179
2180
2181
2181
2182
2182
2183
2184
2184
2184
2185
2185
2186
2186
2187
2188
2188
2188
2189
2189
2190
2190
2190
2191
2191
2192
2192
2193
2193
2194
2194
2195
2195
2196
2196
2197
2197
2198
2198
2198
2199
2199
2200
2200
2200
2201
2202
2202
2203
2203
2204
2205
2205
2206
2206
2207
2207
2208
2209
2209
2210
2210
2211
2212
2212
2213
2213
2214
2214
2215
2216
2216
2217
2217
2218
2219
2219
2220
2220
2221
2221
2222
2223
2223
2224
2224
2225
2226
2226
2227
2228
2230
2230
2231
2231
2232
2233
2233
2234
2235
2237
2237
2238
2238
2239
2239
2240
2241
2242
2244
2244
2244
2245
2245
2246
2247
2247
2248
2248
2249
2250
2251
2251
2252
2252
2253
2254
2254
2255
2256
2258
2258
2259
2259
2260
2260
2261
2261
2262
2262
2263
2264
2265
2265
2266
2266
2267
2267
2268
2269
2270
2272
2272
2272
2273
2274
2274
2275
2275
2275
2276
2276
2278
2279
2279
2279
2280
2281
2282
2282
2283
2283
2286
2286
2287
2287
2287
2288
2288
2289
2289
2290
2291
2291
2292
2293
2293
2294
2294
2295
2296
2296
2297
2298
2300
2300
2301
2301
2301
2302
2302
2303
2303
2304
2305
2305
2306
2307
2307
2307
2308
2308
2309
2309
2310
2310
2311
2311
2312
2313
2314
2314
2314
2315
2315
2316
2316
2317
2317
2317
2317
2318
2318
2319
2320
2321
2321
2322
2322
2323
2324
2324
2325
2326
2328
2328
2328
2329
2330
2331
2331
2332
2332
2335
2335
2336
2336
2337
2337
2338
2339
2340
2342
2342
2343
2343
2344
2344
2345
2346
2347
2349
2349
2350
2350
2351
2352
2352
2353
2354
2356
2356
2357
2357
2357
2358
2358
2358
2359
2359
2360
2360
2361
2361
2362
2362
2363
2363
2364
2364
2365
2366
2366
2366
2367
2367
2368
2368
2369
2370
2370
2371
2371
2372
2373
2373
2374
2375
2377
2377
2378
2378
2379
2380
2380
2381
2382
2384
2384
2385
2385
2386
2386
2386
2387
2388
2388
2389
2389
2391
2391
2392
2392
2392
2393
2393
2393
2394
2394
2394
2395
2396
2396
2397
2397
2398
2398
2398
2398
2398
2399
2399
2400
2400
2401
2401
2402
2402
2402
2402
2403
2404
2405
2405
2405
2405
2406
2407
2407
2408
2408
2409
2409
2409
2411
2412
2412
2412
2413
2413
2413
2414
2414
2415
2416
2416
2417
2419
2419
2420
2420
2421
2422
2422
2423
2424
2426
2426
2427
2427
2428
2429
2429
2430
2431
2433
2433
2433
2434
2434
2434
2435
2435
2436
2436
2436
2437
2437
2438
2438
2439
2440
2440
2440
2441
2441
2442
2443
2443
2443
2444
2444
2445
2447
2447
2448
2448
2449
2450
2450
2451
2452
2454
2454
2455
2455
2455
2456
2456
2457
2457
2458
2459
2459
2460
2461
2461
2461
2462
2463
2463
2464
2464
2464
2465
2465
2467
2468
2468
2469
2469
2470
2471
2471
2472
2473
2475
2475
2476
2476
2477
2478
2478
2479
2480
2482
2482
2482
2483
2484
2485
2485
2486
2486
2489
2489
2490
2490
2491
2491
2492
2492
2492
2493
2494
2495
2496
2496
2496
2497
2498
2499
2499
2500
2500
2503
2503
2504
2504
2504
2505
2505
2506
2506
2507
2508
2508
2509
2510
2510
2511
2511
2512
2513
2513
2514
2515
2517
2517
2517
2518
2519
2520
2520
2521
2521
2524
2524
2525
2525
2525
2526
2526
2527
2527
2528
2529
2529
2530
2531
2531
2532
2532
2533
2534
2534
2535
2536
2538
2538
2538
2539
2540
2541
2541
2542
2542
2545
2545
2546
2546
2547
2548
2548
2549
2550
320
329
2
341
347
5
363
368
8
382
393
397
403
410
14
424
16
438
446
454
459
469
474
483
490
496
502
27
28
29
531
536
32
33
34
566
36
37
587
592
599
41
42
43
629
636
643
47
655
662
669
51
685
694
54
704
713
719
58
59
739
747
755
762
769
777
784
67
797
804
811
71
825
832
839
846
76
77
867
79
880
81
894
902
84
916
86
929
88
89
90
958
92
93
979
986
995
1001
1009
1012
1023
1030
1036
1043
1047
1056
1061
1070
1077
1085
1089
111
112
1111
114
1126
1131
1140
1147
1152
1161
1170
122
123
1189
125
1203
1208
1218
1224
1231
1238
1245
1254
1259
1266
1273
1279
1285
1295
1302
1310
1315
1324
1328
1338
1343
147
1357
149
1370
1380
1385
153
1400
1408
1415
1422
1429
1434
1440
161
1456
1464
1471
1478
1483
1490
1498
1504
1510
1518
1525
1532
1538
1548
1554
1560
1568
1576
1580
1586
1595
1601
1609
1616
1623
1630
1639
1644
1649
1660
1665
1671
1677
1687
1693
1701
1706
1713
1723
1728
1733
1742
1748
1758
1762
1770
1779
1784
1792
211
212
1811
1821
1828
1833
1838
1845
1852
1862
221
1876
1882
1889
1898
1904
1910
228
1926
1931
231
1945
1950
1959
1966
236
237
1986
239
2002
2008
2015
2022
2029
2036
246
2051
248
249
2069
251
2084
2092
2101
2108
2115
2122
2129
2134
2143
2146
2155
2163
2169
2178
2185
2190
2199
2206
2213
2220
2225
2230
274
275
2251
2261
2268
279
2281
2288
2293
2302
2307
2314
2323
2330
2337
2344
2351
2358
2363
2372
2379
2387
2393
2400
2407
299
2423
2428
2435
2441
2448
2456
2463
2470
2477
2482
2489
2496
2504
2512
2517
2526
2533
317
318
0
321
319
1
326
330
334
333
335
3
342
340
348
349
4
356
354
355
362
6
361
370
7
369
376
377
375
9
383
384
392
10
390
396
398
11
407
406
12
411
13
412
419
417
418
15
425
426
432
433
434
440
439
17
445
18
447
453
19
452
460
20
461
21
466
470
473
475
22
484
23
480
491
24
487
495
494
25
26
503
501
509
508
510
517
516
515
522
523
524
30
530
529
31
538
537
545
543
544
550
552
551
559
560
558
564
565
35
571
572
573
578
580
579
585
38
586
593
594
39
601
600
40
608
606
607
613
614
615
621
622
620
628
44
627
635
45
634
642
46
641
649
650
648
656
657
48
49
664
663
670
50
671
676
677
678
683
52
684
693
53
690
700
701
698
705
706
55
711
56
712
720
718
57
725
726
727
733
734
732
740
741
60
748
61
746
754
753
62
761
63
760
767
64
768
775
65
776
783
66
782
788
789
790
68
795
796
803
69
802
810
70
809
819
820
817
72
823
824
831
73
830
838
837
74
75
844
845
851
853
852
859
860
858
78
865
866
872
874
873
879
881
80
886
888
887
893
82
895
901
900
83
907
909
908
915
85
914
923
921
922
928
87
930
938
939
935
943
944
942
950
951
949
956
91
957
965
964
963
972
971
970
978
977
94
95
985
984
994
96
992
1002
97
998
98
1005
1008
1015
1016
99
1022
1019
100
1029
1026
101
102
1033
1037
103
1040
1044
104
1050
1051
105
1054
1055
1064
1065
106
1069
107
1068
1076
108
1075
109
1082
1086
1090
1091
110
1096
1097
1098
1103
1107
1106
1112
113
1110
1117
1119
1118
1125
1124
115
1132
116
1133
117
1138
1139
1146
118
1145
119
1154
1153
120
1159
1160
121
1166
1169
1173
1175
1174
1180
1181
1182
1187
124
1188
1195
1196
1194
1202
1201
126
1209
1210
127
1219
1215
128
1223
129
1222
1229
130
1230
131
1236
1237
132
1244
1243
1253
1251
133
1257
134
1258
1265
135
1264
1272
1271
136
137
1278
1280
1286
138
1287
1296
1293
139
140
1299
1303
1309
1306
141
1314
1313
142
143
1320
1323
1331
1330
144
145
1334
1337
1342
146
1341
1348
1350
1349
1356
1355
148
1364
1363
1362
1369
150
1371
1379
1376
151
1383
152
1384
1390
1392
1391
154
1397
1401
155
1404
1407
1414
156
1411
1421
157
1418
158
1425
1428
159
1432
1433
1439
160
1441
1449
1448
1447
1457
1453
162
1460
163
1463
164
1467
1470
165
1474
1477
1482
1481
166
1488
167
1489
168
1496
1499
1503
1502
169
1511
170
1509
171
1516
1517
172
1524
1523
1530
173
1531
174
1539
1537
175
1544
1547
176
1551
1555
1558
1559
177
178
1565
1569
179
1572
1575
1583
1582
180
181
1590
1589
1598
1594
182
183
1602
1605
1612
1608
184
1619
1615
185
1626
1622
186
187
1629
1633
1638
1635
188
1643
189
1642
190
1652
1653
1657
191
1659
192
1664
1668
193
1672
1675
1678
194
1679
195
1684
1688
1692
196
1691
1702
1698
197
1707
198
1705
1712
199
1714
200
1719
1722
1727
201
1726
202
1734
1735
1740
203
1741
1747
204
1749
1757
1754
205
206
1761
1763
207
1768
1769
208
1775
1778
1783
1782
209
1791
210
1790
1796
1799
1800
1805
1803
1804
1812
1810
213
214
1817
1820
215
1824
1827
1831
1832
216
1842
1841
217
1849
1848
218
1856
1855
219
1863
1859
220
1867
1866
1868
222
1873
1877
1881
223
1880
224
1887
1888
225
1894
1897
226
1901
1905
227
1908
1909
1916
1915
1917
229
1922
1925
1929
1930
230
1937
1936
1938
1944
232
1943
233
1951
1952
1958
234
1957
1964
235
1965
1973
1972
1971
1979
1978
1980
1987
1985
238
1994
1993
1992
2000
240
2001
241
2007
2006
2013
242
2014
2020
243
2021
244
2028
2027
2034
245
2035
2041
2042
2043
2050
247
2049
2057
2056
2055
2062
2063
2064
250
2071
2070
2076
2077
2078
2085
252
2083
2091
253
2090
2100
254
2097
2107
255
2104
256
2111
2114
257
2118
2121
2125
258
2128
2132
259
2133
2142
260
2139
2150
2149
261
2154
2153
262
263
2160
2164
2168
264
2167
265
2174
2177
2184
2181
266
2188
267
2189
268
2195
2198
269
2202
2205
2212
270
2209
271
2216
2219
2223
272
2224
2234
2233
273
2240
2239
2238
2245
2247
2248
2255
2254
276
2260
277
2259
2267
2266
278
2273
2272
2274
280
2280
2279
281
2286
2287
282
2296
2297
2300
283
2301
2309
2308
284
2316
285
2315
286
2321
2322
287
2329
2328
2336
288
2338
2343
289
2345
2350
2349
290
2356
291
2357
2367
2366
292
293
2370
2371
2378
294
2377
2386
2385
295
2392
2391
296
297
2399
2398
298
2406
2405
2414
2413
2415
2422
300
2419
2427
301
2426
302
2433
2434
303
2442
2440
304
2447
2449
2455
305
2454
2461
2462
306
2468
307
2469
2476
2475
308
2484
309
2483
2490
2491
310
2497
311
2498
312
2503
2505
2511
2510
313
2518
314
2519
2525
315
2524
316
2531
2532
2540
2538
2539
2549
2548
2546
100
101
1047
128
141
151
162
1460
1586
1623
188
1665
197
205
220
2125
266
2293
1019
1021
1020
1026
1028
1027
1049
1048
104
1215
1217
1216
1306
1308
1307
1376
1378
1377
1453
1455
1454
1462
1461
163
1588
1587
181
186
1621
1624
1635
1637
1636
1667
1663
192
1698
1700
1699
1754
1756
1755
1859
1861
1860
2127
2126
258
2181
2183
2182
2295
2294
282
1
403
480
487
109
112
121
140
145
154
175
176
179
186
187
200
208
215
1838
1852
2209
271
2230
2363
327
328
326
12
404
405
23
481
482
24
488
489
1083
1084
1082
1104
1105
1103
1167
1168
1166
1300
1301
1299
1335
1336
1334
1398
1399
1397
1545
1546
1544
1552
1553
1551
1573
1574
1572
1622
1625
1621
1628
1631
1629
1720
1721
1719
1776
1777
1775
1825
1826
1824
217
1839
1840
219
1853
1854
270
2210
2211
2217
2218
2216
273
2231
2232
292
2364
2365
21
98
1061
155
158
178
1609
1630
195
214
222
225
226
229
256
2139
2146
263
467
468
466
1006
1007
1005
106
1062
1063
1405
1406
1404
1426
1427
1425
1566
1567
1565
184
1607
1611
1632
1628
187
1685
1686
1684
1818
1819
1817
1874
1875
1873
1895
1896
1894
1902
1903
1901
1923
1924
1922
2112
2113
2111
260
2140
2141
261
2147
2148
2161
2162
2160
324
331
336
345
351
357
367
372
378
386
395
401
405
414
420
428
431
442
450
458
463
471
478
485
492
500
506
511
518
525
535
540
546
553
557
570
574
581
591
596
603
609
616
623
633
640
647
651
659
666
673
679
689
696
697
708
717
723
728
735
743
751
759
766
773
780
787
791
801
808
815
816
829
836
843
850
854
861
871
875
884
889
898
906
910
920
924
933
936
945
952
962
966
973
983
990
997
1003
1011
1014
1025
1032
1038
1045
1049
1060
1063
1074
1081
1087
1093
1099
1104
1115
1120
1130
1135
1144
1151
1156
1165
1172
1176
1183
1193
1197
1207
1212
1220
1228
1235
1242
1249
1256
1263
1270
1277
1283
1289
1297
1304
1312
1319
1326
1329
1340
1347
1351
1361
1365
1374
1382
1389
1393
1402
1410
1417
1424
1431
1438
1444
1446
1458
1466
1473
1480
1487
1494
1500
1508
1514
1522
1529
1536
1542
1550
1556
1564
1570
1578
1581
1588
1596
1604
1611
1617
1624
1632
1641
1648
1651
1662
1667
1674
1681
1689
1697
1703
1710
1717
1725
1732
1737
1746
1752
1760
1766
1774
1781
1788
1795
1797
1806
1815
1823
1830
1837
1840
1847
1854
1864
1869
1878
1886
1893
1900
1906
1914
1918
1928
1935
1939
1949
1954
1963
1970
1974
1981
1990
1995
2005
2012
2019
2026
2033
2040
2044
2054
2058
2065
2073
2079
2088
2096
2103
2110
2117
2124
2131
2138
2145
2148
2159
2165
2173
2180
2187
2194
2201
2208
2215
2222
2229
2232
2237
2244
2253
2264
2271
2275
2285
2292
2295
2306
2311
2318
2327
2334
2340
2347
2355
2362
2365
2376
2383
2390
2397
2404
2411
2412
2425
2432
2439
2445
2452
2460
2467
2474
2481
2486
2493
2500
2508
2516
2521
2530
2537
2541
2545
323
325
322
332
328
327
339
337
338
344
346
343
350
353
352
359
358
360
365
364
366
373
371
374
379
381
380
388
387
385
391
389
394
399
402
400
404
408
409
416
413
415
422
421
423
430
429
427
437
436
435
441
443
444
451
448
449
456
455
457
465
462
464
472
468
467
476
479
477
482
481
486
489
488
493
497
498
499
505
507
504
514
512
513
519
520
521
528
527
526
533
534
532
541
542
539
548
547
549
555
556
554
561
563
562
567
569
568
577
576
575
583
584
582
590
588
589
595
598
597
602
604
605
611
610
612
619
618
617
624
626
625
631
630
632
638
637
639
645
644
646
652
654
653
658
661
660
667
668
665
675
672
674
682
681
680
688
686
687
692
691
695
699
703
702
707
710
709
716
714
715
721
722
724
731
730
729
736
738
737
742
745
744
750
749
752
756
757
758
764
763
765
772
770
771
779
774
778
785
781
786
794
793
792
800
799
798
806
805
807
813
812
814
818
822
821
828
827
826
834
833
835
840
841
842
849
848
847
856
857
855
862
864
863
870
869
868
877
878
876
882
885
883
891
892
890
899
896
897
903
904
905
912
913
911
918
917
919
926
925
927
934
931
932
937
941
940
946
948
947
953
955
954
961
959
960
967
968
969
974
975
976
980
981
982
988
989
987
993
991
996
1000
999
1004
1010
1007
1006
1013
1018
1017
1020
1021
1024
1027
1028
1031
1039
1035
1034
1046
1042
1041
1053
1052
1048
1059
1058
1057
1062
1067
1066
1072
1071
1073
1079
1078
1080
1088
1084
1083
1092
1095
1094
1102
1101
1100
1108
1109
1105
1114
1113
1116
1122
1123
1121
1127
1128
1129
1137
1134
1136
1143
1142
1141
1149
1148
1150
1157
1158
1155
1164
1163
1162
1171
1168
1167
1178
1179
1177
1186
1185
1184
1192
1190
1191
1198
1200
1199
1204
1205
1206
1211
1214
1213
1216
1217
1221
1226
1225
1227
1234
1232
1233
1241
1240
1239
1247
1248
1246
1250
1252
1255
1262
1260
1261
1268
1267
1269
1274
1275
1276
1284
1282
1281
1291
1288
1290
1292
1294
1298
1305
1301
1300
1307
1308
1311
1316
1317
1318
1325
1322
1321
1327
1332
1333
1339
1336
1335
1345
1344
1346
1353
1354
1352
1358
1359
1360
1366
1367
1368
1375
1372
1373
1377
1378
1381
1388
1386
1387
1395
1396
1394
1403
1399
1398
1409
1406
1405
1413
1412
1416
1420
1419
1423
1430
1427
1426
1437
1436
1435
1445
1442
1443
1450
1451
1452
1454
1455
1459
1465
1461
1462
1472
1469
1468
1479
1476
1475
1484
1485
1486
1493
1491
1492
1501
1497
1495
1505
1506
1507
1513
1512
1515
1521
1520
1519
1527
1528
1526
1535
1533
1534
1541
1543
1540
1549
1546
1545
1557
1553
1552
1561
1563
1562
1571
1567
1566
1577
1574
1573
1579
1584
1585
1591
1592
1587
1593
1597
1599
1606
1603
1600
1607
1610
1613
1614
1618
1620
1621
1625
1627
1634
1631
1628
1636
1637
1640
1646
1645
1647
1655
1654
1650
1661
1656
1658
1669
1666
1663
1676
1673
1670
1683
1680
1682
1690
1686
1685
1695
1694
1696
1699
1700
1704
1709
1708
1711
1718
1715
1716
1724
1721
1720
1730
1729
1731
1739
1738
1736
1745
1743
1744
1753
1750
1751
1755
1756
1759
1767
1765
1764
1773
1772
1771
1780
1777
1776
1785
1786
1787
1793
1789
1794
1802
1801
1798
1808
1807
1809
1813
1814
1816
1822
1819
1818
1829
1826
1825
1834
1836
1835
1839
1843
1844
1846
1850
1851
1853
1857
1858
1860
1861
1865
1872
1870
1871
1879
1875
1874
1884
1883
1885
1892
1891
1890
1899
1896
1895
1907
1903
1902
1913
1912
1911
1921
1919
1920
1927
1924
1923
1932
1934
1933
1942
1940
1941
1947
1946
1948
1956
1955
1953
1961
1960
1962
1969
1967
1968
1975
1976
1977
1984
1982
1983
1988
1989
1991
1996
1997
1998
2004
1999
2003
2010
2011
2009
2018
2016
2017
2025
2023
2024
2031
2032
2030
2039
2037
2038
2047
2046
2045
2052
2048
2053
2059
2060
2061
2068
2067
2066
2074
2075
2072
2082
2081
2080
2087
2086
2089
2094
2093
2095
2099
2098
2102
2106
2105
2109
2116
2113
2112
2123
2120
2119
2130
2126
2127
2137
2135
2136
2141
2140
2144
2147
2151
2152
2156
2157
2158
2166
2162
2161
2171
2170
2172
2179
2176
2175
2182
2183
2186
2193
2191
2192
2200
2197
2196
2207
2204
2203
2211
2210
2214
2221
2218
2217
2228
2226
2227
2231
2235
2236
2241
2242
2243
2250
2249
2246
2252
2256
2257
2262
2258
2263
2265
2269
2270
2278
2276
2277
2283
2284
2282
2291
2290
2289
2299
2298
2294
2305
2303
2304
2310
2312
2313
2319
2317
2320
2326
2325
2324
2332
2333
2331
2341
2335
2339
2348
2342
2346
2352
2353
2354
2361
2359
2360
2364
2368
2369
2375
2374
2373
2381
2380
2382
2384
2388
2389
2394
2395
2396
2402
2403
2401
2409
2410
2408
2418
2416
2417
2421
2420
2424
2430
2429
2431
2438
2437
2436
2444
2446
2443
2453
2451
2450
2458
2457
2459
2464
2466
2465
2473
2471
2472
2478
2479
2480
2487
2485
2488
2492
2495
2494
2502
2499
2501
2509
2507
2506
2513
2514
2515
2523
2520
2522
2528
2527
2529
2536
2535
2534
2543
2542
2544
2547
2550
2551
180
71
193
265
191
276
103
99
10
102
144
211
96
269
182
185
143
97
156
165
88
254
53
257
183
184
268
183
192
193
185
318
139
190
218
157
168
182
133
275
164
255
300
54
1579
1580
1581
816
817
818
1670
1672
1673
2174
2175
2176
1656
1657
1658
2251
2252
2253
1040
1041
1042
1012
1013
1014
389
390
391
1033
1034
1035
1327
1328
1329
1796
1797
1798
991
992
993
2202
2203
2204
1593
1595
1596
1614
1616
1617
1320
1321
1322
998
999
1000
1411
1412
1413
1474
1475
1476
935
936
937
2097
2098
2099
690
691
692
2118
2119
2120
1600
1601
1604
1607
1608
1610
2195
2196
2197
1600
1602
1603
1663
1664
1666
1670
1671
1674
1614
1615
1618
2545
2546
2547
1292
1293
1294
1649
1650
1651
1845
1846
1847
1418
1419
1420
1495
1496
1497
1593
1594
1597
1250
1251
1252
2244
2245
2246
1467
1468
1469
2104
2105
2106
2419
2420
2421
697
698
699
)


// ************************************************************************* //
